5 Minutes,Lane 1 Flow (Veh/5 Minutes),Lane 1 Speed (mph),Lane 2 Flow (Veh/5 Minutes),Lane 2 Speed (mph),Flow (Veh/5 Minutes),Speed (mph),# Lane Points,% Observed,Holiday
12/11/2017 0:00,12,69.3,27,64.7,39,66.2,2,0,0
12/11/2017 0:05,15,69.3,30,64.7,45,66.3,2,0,0
12/11/2017 0:10,12,69.4,27,64.8,39,66.3,2,0,0
12/11/2017 0:15,10,69.3,26,64.7,36,66,2,0,0
12/11/2017 0:20,11,69.4,26,64.8,37,66.2,2,0,0
12/11/2017 0:25,8,69.3,23,64.7,31,65.9,2,0,0
12/11/2017 0:30,9,69.3,25,64.7,34,65.9,2,0,0
12/11/2017 0:35,8,69.2,23,64.6,31,65.8,2,0,0
12/11/2017 0:40,6,69.4,21,64.7,27,65.8,2,0,0
12/11/2017 0:45,10,69.4,25,64.8,35,66.1,2,0,0
12/11/2017 0:50,5,69.4,21,64.8,26,65.7,2,0,0
12/11/2017 0:55,6,69.3,21,64.7,27,65.8,2,0,0
12/11/2017 1:00,7,69.3,22,64.7,29,65.8,2,0,0
12/11/2017 1:05,8,69.4,23,64.8,31,66,2,0,0
12/11/2017 1:10,8,69.3,24,64.7,32,65.9,2,0,0
12/11/2017 1:15,4,69.3,19,64.7,23,65.5,2,0,0
12/11/2017 1:20,13,69.3,21,64.7,34,66.5,2,0,0
12/11/2017 1:25,8,69.4,24,64.8,32,66,2,0,0
12/11/2017 1:30,10,69.3,25,64.7,35,66,2,0,0
12/11/2017 1:35,6,69.4,21,64.8,27,65.8,2,0,0
12/11/2017 1:40,5,69.4,21,64.8,26,65.7,2,0,0
12/11/2017 1:45,8,69.3,23,64.6,31,65.8,2,0,0
12/11/2017 1:50,5,69.3,21,64.7,26,65.6,2,0,0
12/11/2017 1:55,13,69.1,21,64.4,34,66.2,2,0,0
12/11/2017 2:00,10,69.2,20,64.6,30,66.1,2,0,0
12/11/2017 2:05,6,69.3,21,64.7,27,65.7,2,0,0
12/11/2017 2:10,6,69.1,21,64.4,27,65.4,2,0,0
12/11/2017 2:15,5,69.2,20,64.6,25,65.5,2,0,0
12/11/2017 2:20,5,69.3,20,64.7,25,65.6,2,0,0
12/11/2017 2:25,6,69.3,21,64.7,27,65.8,2,0,0
12/11/2017 2:30,8,69.1,23,64.5,31,65.7,2,0,0
12/11/2017 2:35,6,69.3,21,64.7,27,65.7,2,0,0
12/11/2017 2:40,5,69.3,20,64.7,25,65.6,2,0,0
12/11/2017 2:45,8,69.1,23,64.5,31,65.7,2,0,0
12/11/2017 2:50,9,69.2,24,64.6,33,65.8,2,0,0
12/11/2017 2:55,8,69.3,23,64.7,31,65.9,2,0,0
12/11/2017 3:00,7,69.3,23,64.7,30,65.8,2,0,0
12/11/2017 3:05,13,69.3,29,64.7,42,66.1,2,0,0
12/11/2017 3:10,8,69,23,64.4,31,65.6,2,0,0
12/11/2017 3:15,9,69.1,24,64.4,33,65.7,2,0,0
12/11/2017 3:20,8,69.3,23,64.7,31,65.8,2,0,0
12/11/2017 3:25,10,69.4,26,64.8,36,66.1,2,0,0
12/11/2017 3:30,15,69.5,31,64.9,46,66.4,2,0,0
12/11/2017 3:35,11,69.3,27,64.7,38,66,2,0,0
12/11/2017 3:40,13,68.6,28,63.9,41,65.4,2,0,0
12/11/2017 3:45,12,69.1,27,64.5,39,65.9,2,0,0
12/11/2017 3:50,13,69.3,29,64.7,42,66.1,2,0,0
12/11/2017 3:55,14,68.6,29,63.9,43,65.5,2,0,0
12/11/2017 4:00,16,69,32,64.3,48,65.9,2,0,0
12/11/2017 4:05,18,69.2,34,64.5,52,66.1,2,0,0
12/11/2017 4:10,15,69.2,31,64.5,46,66.1,2,0,0
12/11/2017 4:15,24,69.1,41,64.5,65,66.2,2,0,0
12/11/2017 4:20,27,69.5,43,64.9,70,66.6,2,0,0
12/11/2017 4:25,22,69.4,39,64.7,61,66.4,2,0,0
12/11/2017 4:30,28,69.4,45,64.7,73,66.5,2,0,0
12/11/2017 4:35,27,69,45,64.4,72,66.1,2,0,0
12/11/2017 4:40,28,68.6,45,64,73,65.8,2,0,0
12/11/2017 4:45,40,69.5,58,64.9,98,66.8,2,0,0
12/11/2017 4:50,42,69.8,60,65.2,102,67.1,2,0,0
12/11/2017 4:55,40,69.9,59,65.4,99,67.2,2,0,0
12/11/2017 5:00,43,69.5,62,64.9,105,66.8,2,0,0
12/11/2017 5:05,51,70.5,70,66.1,121,68,2,0,0
12/11/2017 5:10,53,70.8,73,66.4,126,68.3,2,0,0
12/11/2017 5:15,58,69.9,78,65.4,136,67.3,2,0,0
12/11/2017 5:20,58,68.8,79,64.2,137,66.2,2,0,0
12/11/2017 5:25,58,68.1,79,63.5,137,65.4,2,0,0
12/11/2017 5:30,64,68.3,84,63.6,148,65.6,2,0,0
12/11/2017 5:35,68,69,90,64.4,158,66.4,2,0,0
12/11/2017 5:40,66,69.3,87,64.7,153,66.7,2,0,0
12/11/2017 5:45,67,69.9,88,65.4,155,67.3,2,0,0
12/11/2017 5:50,68,68.9,90,64.2,158,66.2,2,0,0
12/11/2017 5:55,52,67.6,72,62.9,124,64.9,2,0,0
12/11/2017 6:00,57,67.3,78,62.5,135,64.5,2,0,0
12/11/2017 6:05,56,67.1,77,62.2,133,64.3,2,0,0
12/11/2017 6:10,66,65.5,87,60.6,153,62.7,2,0,0
12/11/2017 6:15,57,65.9,79,61,136,63,2,0,0
12/11/2017 6:20,64,66.5,86,61.6,150,63.7,2,0,0
12/11/2017 6:25,69,65.9,90,60.9,159,63,2,0,0
12/11/2017 6:30,71,66.2,93,61.2,164,63.4,2,0,0
12/11/2017 6:35,64,66.6,86,61.7,150,63.8,2,0,0
12/11/2017 6:40,64,67.2,86,62.3,150,64.4,2,0,0
12/11/2017 6:45,78,65.3,100,60.2,178,62.5,2,0,0
12/11/2017 6:50,74,66.9,96,61.9,170,64.1,2,0,0
12/11/2017 6:55,62,67.1,83,62.2,145,64.3,2,0,0
12/11/2017 7:00,60,67.9,81,63.1,141,65.2,2,0,0
12/11/2017 7:05,76,67.7,100,62.9,176,65,2,0,0
12/11/2017 7:10,77,67.4,99,62.5,176,64.6,2,0,0
12/11/2017 7:15,84,67.5,107,62.7,191,64.8,2,0,0
12/11/2017 7:20,93,67.5,117,62.6,210,64.8,2,0,0
12/11/2017 7:25,81,67.4,105,62.5,186,64.6,2,0,0
12/11/2017 7:30,90,67.7,114,62.9,204,65,2,0,0
12/11/2017 7:35,88,68.1,111,63.3,199,65.4,2,0,0
12/11/2017 7:40,78,68.3,100,63.5,178,65.6,2,0,0
12/11/2017 7:45,81,68.1,104,63.2,185,65.3,2,0,0
12/11/2017 7:50,69,68.1,91,63.2,160,65.3,2,0,0
12/11/2017 7:55,78,66.5,101,61.6,179,63.7,2,0,0
12/11/2017 8:00,80,67.2,101,62.3,181,64.5,2,0,0
12/11/2017 8:05,78,67,101,62,179,64.2,2,0,0
12/11/2017 8:10,85,67,106,62,191,64.2,2,0,0
12/11/2017 8:15,72,66.9,95,62,167,64.1,2,0,0
12/11/2017 8:20,74,67.5,96,62.6,170,64.7,2,0,0
12/11/2017 8:25,64,67.4,85,62.6,149,64.6,2,0,0
12/11/2017 8:30,71,66.3,92,61.4,163,63.6,2,0,0
12/11/2017 8:35,78,67.1,100,62.3,178,64.4,2,0,0
12/11/2017 8:40,75,67,97,62.2,172,64.3,2,0,0
12/11/2017 8:45,75,66.9,98,62.1,173,64.2,2,0,0
12/11/2017 8:50,68,67.7,88,62.9,156,65,2,0,0
12/11/2017 8:55,80,66.6,102,61.7,182,63.8,2,0,0
12/11/2017 9:00,74,66.7,93,61.8,167,63.9,2,0,0
12/11/2017 9:05,74,67.2,95,62.4,169,64.5,2,0,0
12/11/2017 9:10,73,67.6,94,62.7,167,64.8,2,0,0
12/11/2017 9:15,67,67.5,88,62.7,155,64.8,2,0,0
12/11/2017 9:20,75,67,96,62.2,171,64.3,2,0,0
12/11/2017 9:25,68,67,89,62.2,157,64.3,2,0,0
12/11/2017 9:30,65,66.7,85,61.8,150,63.9,2,0,0
12/11/2017 9:35,66,66.9,85,62,151,64.2,2,0,0
12/11/2017 9:40,59,66.6,78,61.7,137,63.8,2,0,0
12/11/2017 9:45,62,66.4,82,61.5,144,63.6,2,0,0
12/11/2017 9:50,67,67.1,87,62.3,154,64.4,2,0,0
12/11/2017 9:55,71,66.6,89,61.8,160,63.9,2,0,0
12/11/2017 10:00,61,67.4,81,62.6,142,64.6,2,0,0
12/11/2017 10:05,61,68.8,81,64.1,142,66.1,2,0,0
12/11/2017 10:10,56,68.4,75,63.7,131,65.7,2,0,0
12/11/2017 10:15,56,68.7,75,64,131,66,2,0,0
12/11/2017 10:20,54,68.7,73,63.9,127,65.9,2,0,0
12/11/2017 10:25,55,68.5,74,63.8,129,65.8,2,0,0
12/11/2017 10:30,45,67.9,63,63.3,108,65.2,2,0,0
12/11/2017 10:35,56,68.4,75,63.8,131,65.8,2,0,0
12/11/2017 10:40,55,65.7,74,60.8,129,62.9,2,0,0
12/11/2017 10:45,64,66.6,84,61.7,148,63.8,2,0,0
12/11/2017 10:50,54,68,71,63.4,125,65.4,2,0,0
12/11/2017 10:55,52,67.8,71,63.2,123,65.1,2,0,0
12/11/2017 11:00,52,67.9,70,63.3,122,65.3,2,0,0
12/11/2017 11:05,46,69.1,64,64.5,110,66.4,2,0,0
12/11/2017 11:10,55,68.1,74,63.5,129,65.5,2,0,0
12/11/2017 11:15,42,68.9,59,64.2,101,66.2,2,0,0
12/11/2017 11:20,41,68.9,59,64.2,100,66.1,2,0,0
12/11/2017 11:25,53,69,71,64.2,124,66.2,2,0,0
12/11/2017 11:30,49,68.9,66,64.2,115,66.2,2,0,0
12/11/2017 11:35,55,69,73,64.3,128,66.3,2,0,0
12/11/2017 11:40,61,69.5,80,64.9,141,66.9,2,0,0
12/11/2017 11:45,51,69.4,69,64.8,120,66.8,2,0,0
12/11/2017 11:50,45,67.9,63,63.2,108,65.2,2,0,0
12/11/2017 11:55,54,67.2,73,62.3,127,64.4,2,0,0
12/11/2017 12:00,47,67,66,62.1,113,64.2,2,0,0
12/11/2017 12:05,53,68,70,63.2,123,65.3,2,0,0
12/11/2017 12:10,52,67.2,71,62.4,123,64.4,2,0,0
12/11/2017 12:15,50,67.8,68,63.1,118,65.1,2,0,0
12/11/2017 12:20,54,68,72,63.2,126,65.2,2,0,0
12/11/2017 12:25,50,68.2,67,63.5,117,65.5,2,0,0
12/11/2017 12:30,40,67.5,58,62.7,98,64.7,2,0,0
12/11/2017 12:35,42,69.2,59,64.5,101,66.5,2,0,0
12/11/2017 12:40,51,66.2,70,61.3,121,63.4,2,0,0
12/11/2017 12:45,41,67.9,57,63.1,98,65.1,2,0,0
12/11/2017 12:50,46,67,64,62.2,110,64.2,2,0,0
12/11/2017 12:55,42,68.5,59,63.7,101,65.7,2,0,0
12/11/2017 13:00,45,67.6,62,62.8,107,64.8,2,0,0
12/11/2017 13:05,41,66.8,58,62,99,64,2,0,0
12/11/2017 13:10,40,67.7,58,63,98,64.9,2,0,0
12/11/2017 13:15,44,68.4,61,63.7,105,65.7,2,0,0
12/11/2017 13:20,47,68.1,65,63.3,112,65.3,2,0,0
12/11/2017 13:25,54,68.5,72,63.8,126,65.8,2,0,0
12/11/2017 13:30,51,68.8,69,64.1,120,66.1,2,0,0
12/11/2017 13:35,47,69.1,66,64.5,113,66.4,2,0,0
12/11/2017 13:40,47,69.3,65,64.7,112,66.6,2,0,0
12/11/2017 13:45,55,69.2,72,64.5,127,66.5,2,0,0
12/11/2017 13:50,50,70.2,68,65.7,118,67.6,2,0,0
12/11/2017 13:55,48,70.2,66,65.7,114,67.6,2,0,0
12/11/2017 14:00,48,70.7,66,66.2,114,68.1,2,0,0
12/11/2017 14:05,51,70.1,68,65.5,119,67.4,2,0,0
12/11/2017 14:10,41,69,59,64.3,100,66.2,2,0,0
12/11/2017 14:15,46,69.1,63,64.4,109,66.4,2,0,0
12/11/2017 14:20,48,69.9,66,65.2,114,67.2,2,0,0
12/11/2017 14:25,49,70.2,66,65.6,115,67.5,2,0,0
12/11/2017 14:30,42,68.8,59,64.2,101,66.1,2,0,0
12/11/2017 14:35,43,68.5,60,63.9,103,65.8,2,0,0
12/11/2017 14:40,45,67.5,63,62.7,108,64.7,2,0,0
12/11/2017 14:45,47,68.9,65,64.3,112,66.2,2,0,0
12/11/2017 14:50,49,68.2,67,63.5,116,65.5,2,0,0
12/11/2017 14:55,49,68.8,68,64.1,117,66.1,2,0,0
12/11/2017 15:00,57,68.5,75,63.8,132,65.8,2,0,0
12/11/2017 15:05,47,69.8,66,65.2,113,67.1,2,0,0
12/11/2017 15:10,45,67.5,62,62.8,107,64.8,2,0,0
12/11/2017 15:15,52,68.1,70,63.4,122,65.4,2,0,0
12/11/2017 15:20,52,69.4,71,64.8,123,66.7,2,0,0
12/11/2017 15:25,49,67.8,68,63.1,117,65.1,2,0,0
12/11/2017 15:30,53,69.2,72,64.6,125,66.6,2,0,0
12/11/2017 15:35,54,69.3,72,64.8,126,66.7,2,0,0
12/11/2017 15:40,57,70.1,76,65.6,133,67.5,2,0,0
12/11/2017 15:45,59,69.7,79,65.1,138,67,2,0,0
12/11/2017 15:50,57,70,75,65.4,132,67.3,2,0,0
12/11/2017 15:55,55,68.5,74,63.8,129,65.8,2,0,0
12/11/2017 16:00,49,69.1,67,64.5,116,66.4,2,0,0
12/11/2017 16:05,58,69.5,76,65.1,134,67,2,0,0
12/11/2017 16:10,57,69.7,76,65.1,133,67.1,2,0,0
12/11/2017 16:15,65,68.5,84,63.8,149,65.9,2,0,0
12/11/2017 16:20,62,68.3,81,63.6,143,65.7,2,0,0
12/11/2017 16:25,56,68,74,63.3,130,65.3,2,0,0
12/11/2017 16:30,58,68.9,76,64.2,134,66.2,2,0,0
12/11/2017 16:35,67,67.7,86,62.9,153,65,2,0,0
12/11/2017 16:40,61,67.9,80,63.1,141,65.2,2,0,0
12/11/2017 16:45,64,68.3,83,63.6,147,65.6,2,0,0
12/11/2017 16:50,47,69.5,64,65,111,66.9,2,0,0
12/11/2017 16:55,69,69,88,64.4,157,66.4,2,0,0
12/11/2017 17:00,58,69.4,76,64.8,134,66.8,2,0,0
12/11/2017 17:05,52,68.5,70,63.9,122,65.9,2,0,0
12/11/2017 17:10,54,68.7,73,64,127,66,2,0,0
12/11/2017 17:15,60,69.1,78,64.4,138,66.4,2,0,0
12/11/2017 17:20,61,67.5,79,62.7,140,64.8,2,0,0
12/11/2017 17:25,65,65,83,59.8,148,62.1,2,0,0
12/11/2017 17:30,53,59.4,72,53.6,125,56.1,2,0,0
12/11/2017 17:35,50,55,69,48.8,119,51.4,2,0,0
12/11/2017 17:40,58,54.3,77,48.1,135,50.8,2,0,0
12/11/2017 17:45,48,58,66,52.1,114,54.6,2,0,0
12/11/2017 17:50,60,61.8,79,56.2,139,58.6,2,0,0
12/11/2017 17:55,49,64.1,67,58.8,116,61,2,0,0
12/11/2017 18:00,53,65.8,72,60.8,125,62.9,2,0,0
12/11/2017 18:05,40,67.4,57,62.5,97,64.5,2,0,0
12/11/2017 18:10,52,68,71,63.1,123,65.2,2,0,0
12/11/2017 18:15,58,67.9,78,63,136,65.1,2,0,0
12/11/2017 18:20,50,66.8,69,61.9,119,64,2,0,0
12/11/2017 18:25,64,67.1,82,62.3,146,64.4,2,0,0
12/11/2017 18:30,58,67.7,76,62.8,134,64.9,2,0,0
12/11/2017 18:35,54,69.3,73,64.7,127,66.6,2,0,0
12/11/2017 18:40,47,69.7,63,65.1,110,67,2,0,0
12/11/2017 18:45,50,69.9,67,65.3,117,67.3,2,0,0
12/11/2017 18:50,49,70.2,66,65.7,115,67.6,2,0,0
12/11/2017 18:55,42,69.7,59,65.1,101,67,2,0,0
12/11/2017 19:00,48,69.4,66,64.8,114,66.8,2,0,0
12/11/2017 19:05,42,69,58,64.4,100,66.3,2,0,0
12/11/2017 19:10,45,69.2,64,64.6,109,66.5,2,0,0
12/11/2017 19:15,43,69.3,60,64.7,103,66.6,2,0,0
12/11/2017 19:20,27,69.1,43,64.4,70,66.2,2,0,0
12/11/2017 19:25,28,67.1,45,62.3,73,64.1,2,0,0
12/11/2017 19:30,34,67,52,62.2,86,64.1,2,0,0
12/11/2017 19:35,29,67.7,45,63,74,64.8,2,0,0
12/11/2017 19:40,36,68.2,52,63.5,88,65.4,2,0,0
12/11/2017 19:45,30,68.6,46,64,76,65.8,2,0,0
12/11/2017 19:50,30,69.3,46,64.7,76,66.5,2,0,0
12/11/2017 19:55,33,69.2,49,64.6,82,66.5,2,0,0
12/11/2017 20:00,26,68.8,43,64.1,69,65.9,2,0,0
12/11/2017 20:05,25,69.3,41,64.7,66,66.5,2,0,0
12/11/2017 20:10,29,69.7,45,65.1,74,66.9,2,0,0
12/11/2017 20:15,28,69,45,64.3,73,66.1,2,0,0
12/11/2017 20:20,25,69.4,42,64.8,67,66.6,2,0,0
12/11/2017 20:25,29,69.6,45,65,74,66.8,2,0,0
12/11/2017 20:30,30,69.9,46,65.3,76,67.1,2,0,0
12/11/2017 20:35,24,69.7,40,65.1,64,66.8,2,0,0
12/11/2017 20:40,27,69.3,42,64.7,69,66.5,2,0,0
12/11/2017 20:45,27,69.1,43,64.5,70,66.2,2,0,0
12/11/2017 20:50,34,69.5,50,64.9,84,66.8,2,0,0
12/11/2017 20:55,29,69.7,46,65.1,75,66.8,2,0,0
12/11/2017 21:00,27,69.1,43,64.5,70,66.3,2,0,0
12/11/2017 21:05,24,68.5,40,63.9,64,65.6,2,0,0
12/11/2017 21:10,24,68.6,39,63.9,63,65.7,2,0,0
12/11/2017 21:15,32,68.8,48,64.2,80,66,2,0,0
12/11/2017 21:20,27,69.2,44,64.6,71,66.3,2,0,0
12/11/2017 21:25,24,69.1,40,64.5,64,66.2,2,0,0
12/11/2017 21:30,27,69.3,43,64.7,70,66.4,2,0,0
12/11/2017 21:35,27,68.5,43,63.9,70,65.6,2,0,0
12/11/2017 21:40,21,69.1,37,64.5,58,66.2,2,0,0
12/11/2017 21:45,25,69.5,41,64.9,66,66.7,2,0,0
12/11/2017 21:50,26,69.8,42,65.3,68,67,2,0,0
12/11/2017 21:55,27,69.6,43,65,70,66.8,2,0,0
12/11/2017 22:00,22,69.2,37,64.6,59,66.3,2,0,0
12/11/2017 22:05,21,69.3,37,64.7,58,66.4,2,0,0
12/11/2017 22:10,20,69.4,36,64.8,56,66.5,2,0,0
12/11/2017 22:15,22,69.4,38,64.8,60,66.5,2,0,0
12/11/2017 22:20,19,69.6,35,65,54,66.6,2,0,0
12/11/2017 22:25,16,69.4,32,64.8,48,66.3,2,0,0
12/11/2017 22:30,16,69.5,31,64.9,47,66.5,2,0,0
12/11/2017 22:35,15,69.4,31,64.8,46,66.3,2,0,0
12/11/2017 22:40,20,69.3,36,64.7,56,66.4,2,0,0
12/11/2017 22:45,19,69.5,34,64.9,53,66.5,2,0,0
12/11/2017 22:50,18,69.5,34,64.9,52,66.4,2,0,0
12/11/2017 22:55,14,69.5,29,64.9,43,66.4,2,0,0
12/11/2017 23:00,15,69.1,30,64.4,45,66,2,0,0
12/11/2017 23:05,13,68.8,29,64.2,42,65.6,2,0,0
12/11/2017 23:10,13,69,28,64.4,41,65.9,2,0,0
12/11/2017 23:15,15,69.1,30,64.4,45,66,2,0,0
12/11/2017 23:20,14,69.2,29,64.6,43,66.1,2,0,0
12/11/2017 23:25,17,69,32,64.3,49,65.9,2,0,0
12/11/2017 23:30,13,69.1,29,64.4,42,65.9,2,0,0
12/11/2017 23:35,20,68.5,36,63.9,56,65.5,2,0,0
12/11/2017 23:40,12,68.9,27,64.3,39,65.7,2,0,0
12/11/2017 23:45,11,69.1,27,64.5,38,65.8,2,0,0
12/11/2017 23:50,9,69.2,24,64.5,33,65.8,2,0,0
12/11/2017 23:55,11,69.2,26,64.6,37,66,2,0,0
12/12/2017 0:00,9,69.3,24,64.7,33,66,2,0,0
12/12/2017 0:05,11,69.5,26,64.9,37,66.3,2,0,0
12/12/2017 0:10,9,69.4,24,64.8,33,66.1,2,0,0
12/12/2017 0:15,8,69.3,23,64.7,31,65.9,2,0,0
12/12/2017 0:20,9,69.2,24,64.6,33,65.9,2,0,0
12/12/2017 0:25,10,69.4,25,64.8,35,66.1,2,0,0
12/12/2017 0:30,11,69.3,27,64.7,38,66,2,0,0
12/12/2017 0:35,9,69.2,24,64.6,33,65.8,2,0,0
12/12/2017 0:40,10,69.2,26,64.6,36,65.9,2,0,0
12/12/2017 0:45,6,69.3,21,64.7,27,65.7,2,0,0
12/12/2017 0:50,7,69.2,22,64.6,29,65.7,2,0,0
12/12/2017 0:55,7,69.3,22,64.7,29,65.8,2,0,0
12/12/2017 1:00,8,69.4,23,64.8,31,66,2,0,0
12/12/2017 1:05,11,69.4,21,64.8,32,66.4,2,0,0
12/12/2017 1:10,7,69.4,22,64.8,29,65.9,2,0,0
12/12/2017 1:15,7,69.4,22,64.8,29,65.9,2,0,0
12/12/2017 1:20,7,69.2,23,64.6,30,65.7,2,0,0
12/12/2017 1:25,4,69.2,19,64.5,23,65.3,2,0,0
12/12/2017 1:30,6,69.2,21,64.6,27,65.6,2,0,0
12/12/2017 1:35,7,69.2,23,64.5,30,65.6,2,0,0
12/12/2017 1:40,8,69.2,23,64.6,31,65.8,2,0,0
12/12/2017 1:45,8,69.3,23,64.7,31,65.9,2,0,0
12/12/2017 1:50,6,69.3,21,64.7,27,65.7,2,0,0
12/12/2017 1:55,7,69.3,23,64.7,30,65.8,2,0,0
12/12/2017 2:00,7,69.4,22,64.8,29,65.9,2,0,0
12/12/2017 2:05,6,69.4,21,64.8,27,65.8,2,0,0
12/12/2017 2:10,7,69.3,22,64.7,29,65.8,2,0,0
12/12/2017 2:15,7,69.3,22,64.7,29,65.8,2,0,0
12/12/2017 2:20,6,69.4,21,64.8,27,65.8,2,0,0
12/12/2017 2:25,8,69.4,23,64.8,31,66,2,0,0
12/12/2017 2:30,8,68.8,23,64.1,31,65.3,2,0,0
12/12/2017 2:35,9,69,24,64.4,33,65.6,2,0,0
12/12/2017 2:40,8,69.3,23,64.7,31,65.9,2,0,0
12/12/2017 2:45,9,69,24,64.4,33,65.7,2,0,0
12/12/2017 2:50,8,68.8,23,64.2,31,65.4,2,0,0
12/12/2017 2:55,8,69.1,24,64.5,32,65.6,2,0,0
12/12/2017 3:00,6,69.1,22,64.5,28,65.5,2,0,0
12/12/2017 3:05,10,69.2,26,64.6,36,65.9,2,0,0
12/12/2017 3:10,12,69,28,64.4,40,65.8,2,0,0
12/12/2017 3:15,10,68.7,25,64,35,65.4,2,0,0
12/12/2017 3:20,8,69.1,24,64.4,32,65.6,2,0,0
12/12/2017 3:25,11,69.3,27,64.7,38,66,2,0,0
12/12/2017 3:30,10,69.4,26,64.8,36,66,2,0,0
12/12/2017 3:35,12,69.3,27,64.7,39,66.1,2,0,0
12/12/2017 3:40,11,69.4,27,64.8,38,66.1,2,0,0
12/12/2017 3:45,15,69.5,31,64.9,46,66.4,2,0,0
12/12/2017 3:50,14,69.3,29,64.7,43,66.2,2,0,0
12/12/2017 3:55,14,69.4,30,64.8,44,66.3,2,0,0
12/12/2017 4:00,12,69.4,28,64.8,40,66.2,2,0,0
12/12/2017 4:05,17,69.3,34,64.7,51,66.2,2,0,0
12/12/2017 4:10,18,69.4,34,64.8,52,66.4,2,0,0
12/12/2017 4:15,18,69.3,35,64.7,53,66.3,2,0,0
12/12/2017 4:20,22,69.5,39,64.9,61,66.5,2,0,0
12/12/2017 4:25,19,69.4,35,64.8,54,66.5,2,0,0
12/12/2017 4:30,25,69.2,42,64.6,67,66.3,2,0,0
12/12/2017 4:35,31,69.4,48,64.8,79,66.6,2,0,0
12/12/2017 4:40,29,69.3,47,64.8,76,66.5,2,0,0
12/12/2017 4:45,34,69.2,51,64.6,85,66.5,2,0,0
12/12/2017 4:50,41,70.1,60,65.5,101,67.4,2,0,0
12/12/2017 4:55,36,69.5,53,65,89,66.8,2,0,0
12/12/2017 5:00,44,70.2,62,65.6,106,67.5,2,0,0
12/12/2017 5:05,43,69.6,62,65,105,66.9,2,0,0
12/12/2017 5:10,45,69.6,65,65,110,66.9,2,0,0
12/12/2017 5:15,52,68.9,71,64.3,123,66.2,2,0,0
12/12/2017 5:20,55,69.2,75,64.6,130,66.6,2,0,0
12/12/2017 5:25,61,69.2,82,64.5,143,66.5,2,0,0
12/12/2017 5:30,57,69.5,79,64.9,136,66.8,2,0,0
12/12/2017 5:35,63,67.8,85,63,148,65,2,0,0
12/12/2017 5:40,62,68.3,83,63.6,145,65.6,2,0,0
12/12/2017 5:45,68,69.5,88,64.9,156,66.9,2,0,0
12/12/2017 5:50,69,69.2,91,64.6,160,66.6,2,0,0
12/12/2017 5:55,66,69.5,87,64.9,153,66.8,2,0,0
12/12/2017 6:00,61,69.6,82,65,143,67,2,0,0
12/12/2017 6:05,57,68.4,77,63.7,134,65.7,2,0,0
12/12/2017 6:10,56,69.3,76,64.5,132,66.5,2,0,0
12/12/2017 6:15,57,68.8,79,64,136,66,2,0,0
12/12/2017 6:20,73,66.9,96,62,169,64.1,2,0,0
12/12/2017 6:25,66,65.7,89,60.6,155,62.7,2,0,0
12/12/2017 6:30,59,66.5,80,61.5,139,63.6,2,0,0
12/12/2017 6:35,71,67.6,94,62.8,165,64.9,2,0,0
12/12/2017 6:40,65,68.1,86,63.3,151,65.3,2,0,0
12/12/2017 6:45,78,66.8,101,61.9,179,64.1,2,0,0
12/12/2017 6:50,82,67.5,106,62.7,188,64.8,2,0,0
12/12/2017 6:55,70,68.3,92,63.5,162,65.6,2,0,0
12/12/2017 7:00,69,68.2,91,63.4,160,65.5,2,0,0
12/12/2017 7:05,78,67.8,102,63,180,65.1,2,0,0
12/12/2017 7:10,81,67.6,104,62.7,185,64.9,2,0,0
12/12/2017 7:15,77,68.5,99,63.8,176,65.9,2,0,0
12/12/2017 7:20,91,68.3,114,63.5,205,65.6,2,0,0
12/12/2017 7:25,76,67.3,99,62.4,175,64.5,2,0,0
12/12/2017 7:30,81,67.2,104,62.4,185,64.5,2,0,0
12/12/2017 7:35,92,67.5,116,62.7,208,64.8,2,0,0
12/12/2017 7:40,94,67.4,119,62.5,213,64.6,2,0,0
12/12/2017 7:45,96,67.2,120,62.2,216,64.4,2,0,0
12/12/2017 7:50,79,67.7,101,62.8,180,64.9,2,0,0
12/12/2017 7:55,79,67.8,102,62.9,181,65.1,2,0,0
12/12/2017 8:00,83,67.6,106,62.7,189,64.8,2,0,0
12/12/2017 8:05,92,66.6,115,61.8,207,63.9,2,0,0
12/12/2017 8:10,87,65.4,110,60.4,197,62.6,2,0,0
12/12/2017 8:15,83,65.6,107,60.6,190,62.8,2,0,0
12/12/2017 8:20,76,65.8,98,60.8,174,63,2,0,0
12/12/2017 8:25,74,65.4,96,60.3,170,62.5,2,0,0
12/12/2017 8:30,85,64.2,109,59,194,61.3,2,0,0
12/12/2017 8:35,90,64.7,113,59.6,203,61.9,2,0,0
12/12/2017 8:40,82,66,104,60.9,186,63.2,2,0,0
12/12/2017 8:45,73,65.4,94,60.4,167,62.6,2,0,0
12/12/2017 8:50,72,65.1,93,60.1,165,62.3,2,0,0
12/12/2017 8:55,75,65.8,97,60.9,172,63,2,0,0
12/12/2017 9:00,79,65.8,101,60.8,180,63,2,0,0
12/12/2017 9:05,71,65.7,92,60.7,163,62.9,2,0,0
12/12/2017 9:10,75,66.7,96,61.8,171,63.9,2,0,0
12/12/2017 9:15,71,67.5,91,62.7,162,64.8,2,0,0
12/12/2017 9:20,70,66.9,90,62.1,160,64.2,2,0,0
12/12/2017 9:25,79,65.4,101,60.4,180,62.6,2,0,0
12/12/2017 9:30,69,65.9,90,61,159,63.1,2,0,0
12/12/2017 9:35,74,66.4,96,61.5,170,63.6,2,0,0
12/12/2017 9:40,67,66,87,61.1,154,63.3,2,0,0
12/12/2017 9:45,67,65.8,87,60.9,154,63,2,0,0
12/12/2017 9:50,77,65.1,99,60,176,62.2,2,0,0
12/12/2017 9:55,65,65.8,85,60.9,150,63,2,0,0
12/12/2017 10:00,70,67.1,90,62.3,160,64.4,2,0,0
12/12/2017 10:05,68,67.2,86,62.4,154,64.5,2,0,0
12/12/2017 10:10,71,67,91,62.3,162,64.3,2,0,0
12/12/2017 10:15,66,68.1,85,63.4,151,65.5,2,0,0
12/12/2017 10:20,69,69.2,88,64.6,157,66.6,2,0,0
12/12/2017 10:25,74,68.8,94,64.2,168,66.3,2,0,0
12/12/2017 10:30,75,68.2,95,63.6,170,65.6,2,0,0
12/12/2017 10:35,73,68.4,93,63.7,166,65.8,2,0,0
12/12/2017 10:40,64,66.5,85,61.7,149,63.7,2,0,0
12/12/2017 10:45,71,67.3,91,62.5,162,64.6,2,0,0
12/12/2017 10:50,74,66.4,95,61.6,169,63.7,2,0,0
12/12/2017 10:55,63,66.5,82,61.8,145,63.9,2,0,0
12/12/2017 11:00,64,66.9,83,62.2,147,64.3,2,0,0
12/12/2017 11:05,68,65.8,88,60.9,156,63,2,0,0
12/12/2017 11:10,70,66,91,61.2,161,63.3,2,0,0
12/12/2017 11:15,61,66.7,81,61.9,142,64,2,0,0
12/12/2017 11:20,61,67.6,80,62.8,141,64.9,2,0,0
12/12/2017 11:25,56,67.2,75,62.5,131,64.5,2,0,0
12/12/2017 11:30,68,67.7,88,63.1,156,65.1,2,0,0
12/12/2017 11:35,62,67.9,80,63.2,142,65.2,2,0,0
12/12/2017 11:40,74,67.2,95,62.5,169,64.5,2,0,0
12/12/2017 11:45,64,68.7,84,64.1,148,66.1,2,0,0
12/12/2017 11:50,68,68.7,87,64,155,66.1,2,0,0
12/12/2017 11:55,60,68.5,78,63.9,138,65.9,2,0,0
12/12/2017 12:00,57,68.7,74,64,131,66.1,2,0,0
12/12/2017 12:05,57,68.6,76,64,133,66,2,0,0
12/12/2017 12:10,71,68.1,90,63.4,161,65.4,2,0,0
12/12/2017 12:15,63,67.1,83,62.3,146,64.3,2,0,0
12/12/2017 12:20,54,68.4,73,63.7,127,65.7,2,0,0
12/12/2017 12:25,71,68.5,92,63.9,163,65.9,2,0,0
12/12/2017 12:30,49,69.3,67,64.7,116,66.6,2,0,0
12/12/2017 12:35,57,68.8,76,64.3,133,66.2,2,0,0
12/12/2017 12:40,68,69.5,87,65,155,66.9,2,0,0
12/12/2017 12:45,63,69.1,81,64.4,144,66.4,2,0,0
12/12/2017 12:50,65,70.1,83,65.5,148,67.6,2,0,0
12/12/2017 12:55,58,70.4,77,65.8,135,67.8,2,0,0
12/12/2017 13:00,57,69.8,75,65.2,132,67.2,2,0,0
12/12/2017 13:05,45,69.7,63,65.1,108,67.1,2,0,0
12/12/2017 13:10,56,69.4,74,64.8,130,66.8,2,0,0
12/12/2017 13:15,55,69.5,73,64.9,128,66.9,2,0,0
12/12/2017 13:20,53,69.4,71,64.9,124,66.9,2,0,0
12/12/2017 13:25,67,70.1,85,65.6,152,67.6,2,0,0
12/12/2017 13:30,56,69.9,74,65.3,130,67.3,2,0,0
12/12/2017 13:35,64,69.2,83,64.7,147,66.6,2,0,0
12/12/2017 13:40,59,70.1,77,65.6,136,67.5,2,0,0
12/12/2017 13:45,55,70.5,73,66,128,67.9,2,0,0
12/12/2017 13:50,60,69.4,79,64.8,139,66.8,2,0,0
12/12/2017 13:55,52,69.4,69,64.8,121,66.8,2,0,0
12/12/2017 14:00,51,69.2,69,64.6,120,66.6,2,0,0
12/12/2017 14:05,56,69.2,74,64.5,130,66.5,2,0,0
12/12/2017 14:10,59,69.7,78,65.1,137,67.1,2,0,0
12/12/2017 14:15,56,70.2,75,65.6,131,67.5,2,0,0
12/12/2017 14:20,65,70.7,84,66.2,149,68.2,2,0,0
12/12/2017 14:25,57,69.7,74,65.2,131,67.2,2,0,0
12/12/2017 14:30,58,69.6,77,65,135,67,2,0,0
12/12/2017 14:35,55,68.4,74,63.6,129,65.6,2,0,0
12/12/2017 14:40,60,68.1,78,63.3,138,65.4,2,0,0
12/12/2017 14:45,61,69.5,80,64.8,141,66.8,2,0,0
12/12/2017 14:50,49,68.4,67,63.6,116,65.6,2,0,0
12/12/2017 14:55,53,68,71,63.2,124,65.2,2,0,0
12/12/2017 15:00,62,67.7,81,62.9,143,64.9,2,0,0
12/12/2017 15:05,55,68.3,75,63.5,130,65.5,2,0,0
12/12/2017 15:10,48,69.3,65,64.7,113,66.6,2,0,0
12/12/2017 15:15,70,68.6,90,63.9,160,66,2,0,0
12/12/2017 15:20,62,70,80,65.4,142,67.4,2,0,0
12/12/2017 15:25,63,69.2,81,64.5,144,66.5,2,0,0
12/12/2017 15:30,62,69.3,81,64.6,143,66.7,2,0,0
12/12/2017 15:35,63,68.6,83,63.9,146,65.9,2,0,0
12/12/2017 15:40,72,68.1,92,63.2,164,65.4,2,0,0
12/12/2017 15:45,69,68,89,63.2,158,65.3,2,0,0
12/12/2017 15:50,58,68.8,76,64.1,134,66.1,2,0,0
12/12/2017 15:55,65,68.6,84,64,149,66,2,0,0
12/12/2017 16:00,55,69.5,73,64.9,128,66.9,2,0,0
12/12/2017 16:05,52,68.5,70,63.7,122,65.7,2,0,0
12/12/2017 16:10,54,68.2,72,63.4,126,65.5,2,0,0
12/12/2017 16:15,55,69.3,73,64.7,128,66.7,2,0,0
12/12/2017 16:20,56,69.2,74,64.6,130,66.6,2,0,0
12/12/2017 16:25,52,70.5,70,66,122,67.9,2,0,0
12/12/2017 16:30,54,70.8,71,66.3,125,68.2,2,0,0
12/12/2017 16:35,44,70.5,61,65.9,105,67.9,2,0,0
12/12/2017 16:40,50,71.5,68,67.1,118,69,2,0,0
12/12/2017 16:45,60,69.9,79,65.2,139,67.3,2,0,0
12/12/2017 16:50,56,70.2,75,65.6,131,67.6,2,0,0
12/12/2017 16:55,57,69.7,76,65.1,133,67.1,2,0,0
12/12/2017 17:00,53,69.2,72,64.4,125,66.4,2,0,0
12/12/2017 17:05,52,69.2,70,64.5,122,66.5,2,0,0
12/12/2017 17:10,53,69.4,72,64.7,125,66.7,2,0,0
12/12/2017 17:15,50,70.3,68,65.7,118,67.7,2,0,0
12/12/2017 17:20,45,68.7,64,64,109,66,2,0,0
12/12/2017 17:25,50,67.6,68,62.7,118,64.8,2,0,0
12/12/2017 17:30,46,63.9,65,58.6,111,60.8,2,0,0
12/12/2017 17:35,46,61.8,65,56.3,111,58.6,2,0,0
12/12/2017 17:40,47,63.8,64,58.4,111,60.7,2,0,0
12/12/2017 17:45,45,64.7,63,59.5,108,61.7,2,0,0
12/12/2017 17:50,53,67.4,71,62.5,124,64.6,2,0,0
12/12/2017 17:55,44,68,61,63.1,105,65.2,2,0,0
12/12/2017 18:00,42,67.1,59,62.1,101,64.2,2,0,0
12/12/2017 18:05,49,68,67,63.2,116,65.2,2,0,0
12/12/2017 18:10,48,69.1,66,64.4,114,66.4,2,0,0
12/12/2017 18:15,52,68.2,70,63.4,122,65.5,2,0,0
12/12/2017 18:20,48,69.2,66,64.5,114,66.4,2,0,0
12/12/2017 18:25,43,69.1,61,64.4,104,66.3,2,0,0
12/12/2017 18:30,45,68.6,63,63.9,108,65.8,2,0,0
12/12/2017 18:35,47,69.2,65,64.4,112,66.4,2,0,0
12/12/2017 18:40,43,69.4,61,64.7,104,66.6,2,0,0
12/12/2017 18:45,44,68.8,61,64.1,105,66.1,2,0,0
12/12/2017 18:50,41,69.5,58,64.7,99,66.7,2,0,0
12/12/2017 18:55,37,71.2,54,66.6,91,68.5,2,0,0
12/12/2017 19:00,37,69.6,55,65,92,66.9,2,0,0
12/12/2017 19:05,49,68.1,67,63.4,116,65.4,2,0,0
12/12/2017 19:10,46,67.7,63,62.9,109,64.9,2,0,0
12/12/2017 19:15,41,67.8,59,63.1,100,65,2,0,0
12/12/2017 19:20,35,69.2,52,64.5,87,66.4,2,0,0
12/12/2017 19:25,36,68.3,52,63.6,88,65.5,2,0,0
12/12/2017 19:30,32,68.4,49,63.7,81,65.6,2,0,0
12/12/2017 19:35,35,69.1,52,64.5,87,66.4,2,0,0
12/12/2017 19:40,41,67.6,58,62.8,99,64.8,2,0,0
12/12/2017 19:45,38,68.8,55,64.1,93,66,2,0,0
12/12/2017 19:50,39,68.5,55,63.8,94,65.8,2,0,0
12/12/2017 19:55,31,68.8,48,64.1,79,65.9,2,0,0
12/12/2017 20:00,31,69.5,48,64.9,79,66.7,2,0,0
12/12/2017 20:05,32,69.8,48,65.2,80,67.1,2,0,0
12/12/2017 20:10,30,69.2,47,64.5,77,66.4,2,0,0
12/12/2017 20:15,37,69.1,54,64.5,91,66.4,2,0,0
12/12/2017 20:20,32,68.8,49,64.2,81,66,2,0,0
12/12/2017 20:25,29,68.9,45,64.3,74,66.1,2,0,0
12/12/2017 20:30,27,69.2,43,64.5,70,66.3,2,0,0
12/12/2017 20:35,27,68.6,43,63.9,70,65.7,2,0,0
12/12/2017 20:40,32,68.6,49,63.9,81,65.8,2,0,0
12/12/2017 20:45,26,68.8,41,64.1,67,65.9,2,0,0
12/12/2017 20:50,30,69.1,46,64.5,76,66.3,2,0,0
12/12/2017 20:55,29,68.8,45,64.2,74,66,2,0,0
12/12/2017 21:00,24,68.9,41,64.2,65,66,2,0,0
12/12/2017 21:05,23,69.4,39,64.7,62,66.5,2,0,0
12/12/2017 21:10,31,68.5,47,63.9,78,65.7,2,0,0
12/12/2017 21:15,20,68.9,35,64.3,55,66,2,0,0
12/12/2017 21:20,28,69,44,64.4,72,66.2,2,0,0
12/12/2017 21:25,26,68.8,42,64.1,68,65.9,2,0,0
12/12/2017 21:30,24,68.8,40,64.2,64,65.9,2,0,0
12/12/2017 21:35,21,69.1,36,64.5,57,66.2,2,0,0
12/12/2017 21:40,26,69.4,42,64.8,68,66.5,2,0,0
12/12/2017 21:45,24,69.4,41,64.8,65,66.5,2,0,0
12/12/2017 21:50,22,69.4,38,64.7,60,66.4,2,0,0
12/12/2017 21:55,20,69.3,36,64.7,56,66.3,2,0,0
12/12/2017 22:00,19,69.4,35,64.8,54,66.5,2,0,0
12/12/2017 22:05,21,69.5,37,64.9,58,66.6,2,0,0
12/12/2017 22:10,19,69.4,36,64.8,55,66.4,2,0,0
12/12/2017 22:15,19,69.3,35,64.7,54,66.3,2,0,0
12/12/2017 22:20,20,69.4,36,64.8,56,66.4,2,0,0
12/12/2017 22:25,22,68.9,38,64.2,60,65.9,2,0,0
12/12/2017 22:30,19,69.1,35,64.5,54,66.1,2,0,0
12/12/2017 22:35,22,69.1,38,64.5,60,66.2,2,0,0
12/12/2017 22:40,23,69.3,39,64.7,62,66.4,2,0,0
12/12/2017 22:45,16,69.3,32,64.7,48,66.2,2,0,0
12/12/2017 22:50,18,69,34,64.4,52,66,2,0,0
12/12/2017 22:55,16,69.3,32,64.7,48,66.2,2,0,0
12/12/2017 23:00,17,69.1,33,64.5,50,66,2,0,0
12/12/2017 23:05,18,69.2,34,64.6,52,66.2,2,0,0
12/12/2017 23:10,17,69.1,32,64.4,49,66,2,0,0
12/12/2017 23:15,13,69.1,28,64.5,41,66,2,0,0
12/12/2017 23:20,17,69.4,33,64.7,50,66.3,2,0,0
12/12/2017 23:25,10,69.4,26,64.8,36,66.1,2,0,0
12/12/2017 23:30,18,69.5,34,64.9,52,66.5,2,0,0
12/12/2017 23:35,15,69,30,64.3,45,65.9,2,0,0
12/12/2017 23:40,16,69.2,31,64.6,47,66.2,2,0,0
12/12/2017 23:45,15,69.2,31,64.6,46,66.1,2,0,0
12/12/2017 23:50,10,69.3,26,64.7,36,66,2,0,0
12/12/2017 23:55,12,69.3,27,64.7,39,66.1,2,0,0
12/13/2017 0:00,9,69.3,24,64.7,33,66,2,0,0
12/13/2017 0:05,11,69.4,26,64.8,37,66.2,2,0,0
12/13/2017 0:10,11,69.1,27,64.5,38,65.8,2,0,0
12/13/2017 0:15,11,69.3,27,64.7,38,66.1,2,0,0
12/13/2017 0:20,8,69,23,64.4,31,65.6,2,0,0
12/13/2017 0:25,11,69.2,26,64.6,37,66,2,0,0
12/13/2017 0:30,8,69.4,24,64.8,32,65.9,2,0,0
12/13/2017 0:35,5,69.3,21,64.7,26,65.6,2,0,0
12/13/2017 0:40,7,69.2,22,64.6,29,65.7,2,0,0
12/13/2017 0:45,15,69.1,22,64.5,37,66.3,2,0,0
12/13/2017 0:50,8,69.2,23,64.6,31,65.8,2,0,0
12/13/2017 0:55,8,69.3,23,64.7,31,65.9,2,0,0
12/13/2017 1:00,5,69.3,21,64.7,26,65.6,2,0,0
12/13/2017 1:05,7,69.4,22,64.7,29,65.9,2,0,0
12/13/2017 1:10,7,69.4,23,64.8,30,65.9,2,0,0
12/13/2017 1:15,7,69.4,22,64.8,29,65.9,2,0,0
12/13/2017 1:20,10,69.4,25,64.8,35,66.1,2,0,0
12/13/2017 1:25,11,69.3,21,64.7,32,66.3,2,0,0
12/13/2017 1:30,5,69.4,20,64.8,25,65.7,2,0,0
12/13/2017 1:35,9,69.3,24,64.7,33,65.9,2,0,0
12/13/2017 1:40,5,69.1,21,64.5,26,65.4,2,0,0
12/13/2017 1:45,5,69.1,20,64.5,25,65.4,2,0,0
12/13/2017 1:50,5,69.3,21,64.7,26,65.6,2,0,0
12/13/2017 1:55,7,69.4,22,64.8,29,65.9,2,0,0
12/13/2017 2:00,6,69.3,21,64.7,27,65.7,2,0,0
12/13/2017 2:05,6,69.3,21,64.7,27,65.7,2,0,0
12/13/2017 2:10,6,69.1,21,64.5,27,65.5,2,0,0
12/13/2017 2:15,7,69.3,22,64.7,29,65.8,2,0,0
12/13/2017 2:20,7,69,22,64.4,29,65.5,2,0,0
12/13/2017 2:25,5,68.9,21,64.3,26,65.2,2,0,0
12/13/2017 2:30,8,69.1,24,64.5,32,65.6,2,0,0
12/13/2017 2:35,8,69.2,23,64.6,31,65.8,2,0,0
12/13/2017 2:40,8,69.3,23,64.7,31,65.9,2,0,0
12/13/2017 2:45,10,69.1,25,64.5,35,65.8,2,0,0
12/13/2017 2:50,8,69.1,24,64.5,32,65.6,2,0,0
12/13/2017 2:55,9,69.2,24,64.5,33,65.8,2,0,0
12/13/2017 3:00,6,69.3,21,64.7,27,65.7,2,0,0
12/13/2017 3:05,11,69.3,26,64.7,37,66.1,2,0,0
12/13/2017 3:10,8,69.3,24,64.7,32,65.9,2,0,0
12/13/2017 3:15,12,68.8,28,64.2,40,65.6,2,0,0
12/13/2017 3:20,10,68.7,26,64.1,36,65.4,2,0,0
12/13/2017 3:25,12,68.7,28,64.1,40,65.5,2,0,0
12/13/2017 3:30,12,68.9,28,64.2,40,65.6,2,0,0
12/13/2017 3:35,12,69.2,27,64.5,39,66,2,0,0
12/13/2017 3:40,14,69.2,30,64.6,44,66.1,2,0,0
12/13/2017 3:45,17,69.5,33,64.9,50,66.5,2,0,0
12/13/2017 3:50,13,69.4,28,64.7,41,66.2,2,0,0
12/13/2017 3:55,13,69.4,29,64.8,42,66.2,2,0,0
12/13/2017 4:00,15,69.4,30,64.8,45,66.3,2,0,0
12/13/2017 4:05,18,69.3,35,64.7,53,66.3,2,0,0
12/13/2017 4:10,16,69.3,32,64.7,48,66.2,2,0,0
12/13/2017 4:15,23,69.5,40,64.9,63,66.6,2,0,0
12/13/2017 4:20,19,69.2,36,64.6,55,66.2,2,0,0
12/13/2017 4:25,23,69.2,40,64.5,63,66.2,2,0,0
12/13/2017 4:30,28,68.2,44,63.5,72,65.3,2,0,0
12/13/2017 4:35,30,68.6,47,64,77,65.8,2,0,0
12/13/2017 4:40,30,69.4,48,64.8,78,66.6,2,0,0
12/13/2017 4:45,36,70.1,54,65.6,90,67.4,2,0,0
12/13/2017 4:50,41,69.9,59,65.4,100,67.2,2,0,0
12/13/2017 4:55,39,69.7,57,65,96,66.9,2,0,0
12/13/2017 5:00,47,69.8,66,65.3,113,67.2,2,0,0
12/13/2017 5:05,42,70.2,61,65.6,103,67.4,2,0,0
12/13/2017 5:10,60,68,81,63.2,141,65.2,2,0,0
12/13/2017 5:15,55,68,75,63.2,130,65.2,2,0,0
12/13/2017 5:20,57,70.1,78,65.5,135,67.5,2,0,0
12/13/2017 5:25,56,70.8,76,66.3,132,68.2,2,0,0
12/13/2017 5:30,58,70.3,79,65.7,137,67.7,2,0,0
12/13/2017 5:35,58,70.2,80,65.6,138,67.5,2,0,0
12/13/2017 5:40,69,69.2,91,64.5,160,66.5,2,0,0
12/13/2017 5:45,59,69.1,79,64.4,138,66.5,2,0,0
12/13/2017 5:50,55,69.3,76,64.7,131,66.6,2,0,0
12/13/2017 5:55,63,68.8,84,64.1,147,66.1,2,0,0
12/13/2017 6:00,66,68,88,63.2,154,65.3,2,0,0
12/13/2017 6:05,60,66.6,82,61.8,142,63.8,2,0,0
12/13/2017 6:10,51,66.2,71,61.3,122,63.3,2,0,0
12/13/2017 6:15,66,67,88,62.1,154,64.2,2,0,0
12/13/2017 6:20,62,66.7,84,61.8,146,63.9,2,0,0
12/13/2017 6:25,62,66.3,84,61.3,146,63.4,2,0,0
12/13/2017 6:30,66,66.9,88,62,154,64.1,2,0,0
12/13/2017 6:35,67,66.8,90,61.9,157,64,2,0,0
12/13/2017 6:40,60,67.4,82,62.5,142,64.6,2,0,0
12/13/2017 6:45,79,67.2,102,62.3,181,64.4,2,0,0
12/13/2017 6:50,74,68.6,97,63.7,171,65.8,2,0,0
12/13/2017 6:55,65,68.3,86,63.4,151,65.5,2,0,0
12/13/2017 7:00,75,66,98,61,173,63.2,2,0,0
12/13/2017 7:05,78,66.2,101,61.2,179,63.4,2,0,0
12/13/2017 7:10,78,66.4,101,61.4,179,63.6,2,0,0
12/13/2017 7:15,79,66.1,103,61.1,182,63.2,2,0,0
12/13/2017 7:20,92,65.5,116,60.5,208,62.7,2,0,0
12/13/2017 7:25,92,66.8,116,61.8,208,64,2,0,0
12/13/2017 7:30,85,68,108,63.2,193,65.3,2,0,0
12/13/2017 7:35,86,68,109,63.1,195,65.3,2,0,0
12/13/2017 7:40,85,66.9,108,61.9,193,64.1,2,0,0
12/13/2017 7:45,74,67.4,97,62.5,171,64.6,2,0,0
12/13/2017 7:50,78,67,101,62.1,179,64.2,2,0,0
12/13/2017 7:55,74,67.4,96,62.5,170,64.6,2,0,0
12/13/2017 8:00,81,66.3,103,61.3,184,63.5,2,0,0
12/13/2017 8:05,82,66.1,106,61.2,188,63.3,2,0,0
12/13/2017 8:10,85,65.9,109,60.9,194,63.1,2,0,0
12/13/2017 8:15,83,65.7,105,60.7,188,62.9,2,0,0
12/13/2017 8:20,81,66.8,104,61.9,185,64,2,0,0
12/13/2017 8:25,79,66.8,103,61.9,182,64,2,0,0
12/13/2017 8:30,82,65.4,103,60.4,185,62.6,2,0,0
12/13/2017 8:35,80,64.8,103,59.7,183,61.9,2,0,0
12/13/2017 8:40,86,64.1,108,59,194,61.3,2,0,0
12/13/2017 8:45,84,64.7,106,59.6,190,61.8,2,0,0
12/13/2017 8:50,84,65.6,106,60.5,190,62.8,2,0,0
12/13/2017 8:55,78,65.9,100,60.9,178,63.1,2,0,0
12/13/2017 9:00,77,65.6,99,60.5,176,62.8,2,0,0
12/13/2017 9:05,59,66,79,60.9,138,63.1,2,0,0
12/13/2017 9:10,65,67.3,85,62.4,150,64.5,2,0,0
12/13/2017 9:15,59,68.5,80,63.7,139,65.8,2,0,0
12/13/2017 9:20,63,67.3,83,62.4,146,64.5,2,0,0
12/13/2017 9:25,44,66.4,62,61.5,106,63.6,2,0,0
12/13/2017 9:30,43,67.3,62,62.4,105,64.4,2,0,0
12/13/2017 9:35,71,67.9,92,63.1,163,65.2,2,0,0
12/13/2017 9:40,74,67.1,96,62.3,170,64.4,2,0,0
12/13/2017 9:45,81,66,103,61,184,63.2,2,0,0
12/13/2017 9:50,86,64.6,109,59.4,195,61.7,2,0,0
12/13/2017 9:55,69,64.9,91,59.8,160,62,2,0,0
12/13/2017 10:00,65,66.7,85,61.8,150,63.9,2,0,0
12/13/2017 10:05,55,66.1,73,61.2,128,63.3,2,0,0
12/13/2017 10:10,62,66.2,81,61.4,143,63.5,2,0,0
12/13/2017 10:15,57,67,75,62.3,132,64.3,2,0,0
12/13/2017 10:20,57,68.2,76,63.5,133,65.5,2,0,0
12/13/2017 10:25,65,68.1,85,63.4,150,65.4,2,0,0
12/13/2017 10:30,62,68.2,82,63.5,144,65.5,2,0,0
12/13/2017 10:35,58,67.7,77,63,135,65,2,0,0
12/13/2017 10:40,55,67.4,74,62.6,129,64.7,2,0,0
12/13/2017 10:45,58,68.2,78,63.5,136,65.5,2,0,0
12/13/2017 10:50,66,66.4,85,61.6,151,63.7,2,0,0
12/13/2017 10:55,63,67.2,82,62.4,145,64.5,2,0,0
12/13/2017 11:00,66,68.6,84,64,150,66,2,0,0
12/13/2017 11:05,54,68.6,71,63.9,125,65.9,2,0,0
12/13/2017 11:10,56,68.9,74,64.2,130,66.3,2,0,0
12/13/2017 11:15,63,69.5,82,64.8,145,66.8,2,0,0
12/13/2017 11:20,56,69.1,75,64.4,131,66.4,2,0,0
12/13/2017 11:25,59,69,79,64.4,138,66.4,2,0,0
12/13/2017 11:30,63,70.1,81,65.6,144,67.5,2,0,0
12/13/2017 11:35,59,69,78,64.4,137,66.4,2,0,0
12/13/2017 11:40,55,69.3,73,64.6,128,66.6,2,0,0
12/13/2017 11:45,54,67.1,72,62.3,126,64.4,2,0,0
12/13/2017 11:50,60,67.3,79,62.5,139,64.6,2,0,0
12/13/2017 11:55,53,68.9,72,64.3,125,66.3,2,0,0
12/13/2017 12:00,50,68.2,69,63.4,119,65.4,2,0,0
12/13/2017 12:05,57,69,75,64.2,132,66.3,2,0,0
12/13/2017 12:10,53,68.3,71,63.5,124,65.6,2,0,0
12/13/2017 12:15,63,67.5,82,62.7,145,64.8,2,0,0
12/13/2017 12:20,48,68,66,63.3,114,65.2,2,0,0
12/13/2017 12:25,56,68.1,75,63.4,131,65.4,2,0,0
12/13/2017 12:30,47,69,64,64.3,111,66.3,2,0,0
12/13/2017 12:35,58,69,76,64.3,134,66.4,2,0,0
12/13/2017 12:40,60,67.8,78,62.9,138,65,2,0,0
12/13/2017 12:45,62,68.6,81,63.9,143,65.9,2,0,0
12/13/2017 12:50,49,70.1,67,65.5,116,67.5,2,0,0
12/13/2017 12:55,64,68.5,58,62.7,122,65.7,2,0,0
12/13/2017 13:00,63,68.4,56,62.6,119,65.7,2,0,0
12/13/2017 13:05,64,68.4,57,62.6,121,65.7,2,0,0
12/13/2017 13:10,66,68.2,60,62.4,126,65.4,2,0,0
12/13/2017 13:15,51,70.7,69,66,120,68,2,0,0
12/13/2017 13:20,43,69.7,62,65.1,105,67,2,0,0
12/13/2017 13:25,51,68.4,69,63.6,120,65.6,2,0,0
12/13/2017 13:30,52,67.9,71,63.1,123,65.2,2,0,0
12/13/2017 13:35,55,69.2,73,64.5,128,66.5,2,0,0
12/13/2017 13:40,52,69.2,70,64.5,122,66.5,2,0,0
12/13/2017 13:45,57,68.4,76,63.7,133,65.7,2,0,0
12/13/2017 13:50,31,69.2,47,64.5,78,66.3,2,0,0
12/13/2017 13:55,53,69.1,71,64.4,124,66.4,2,0,0
12/13/2017 14:00,48,69.8,64,65.2,112,67.1,2,0,0
12/13/2017 14:05,43,68.3,61,63.6,104,65.5,2,0,0
12/13/2017 14:10,45,69.7,62,65.1,107,67,2,0,0
12/13/2017 14:15,50,69.8,68,65.2,118,67.1,2,0,0
12/13/2017 14:20,48,68.4,66,63.7,114,65.7,2,0,0
12/13/2017 14:25,43,69.3,60,64.6,103,66.6,2,0,0
12/13/2017 14:30,52,67.7,71,62.9,123,65,2,0,0
12/13/2017 14:35,57,68.1,75,63.4,132,65.4,2,0,0
12/13/2017 14:40,45,67.8,62,63.1,107,65.1,2,0,0
12/13/2017 14:45,50,69,68,64.4,118,66.3,2,0,0
12/13/2017 14:50,51,67.9,68,63.2,119,65.2,2,0,0
12/13/2017 14:55,50,69,67,64.4,117,66.4,2,0,0
12/13/2017 15:00,53,68.7,71,64.1,124,66,2,0,0
12/13/2017 15:05,55,68.3,74,63.7,129,65.7,2,0,0
12/13/2017 15:10,55,69,74,64.4,129,66.4,2,0,0
12/13/2017 15:15,54,69.7,71,65.1,125,67.1,2,0,0
12/13/2017 15:20,52,69.6,71,65,123,67,2,0,0
12/13/2017 15:25,58,70,76,65.5,134,67.4,2,0,0
12/13/2017 15:30,55,69.1,74,64.5,129,66.5,2,0,0
12/13/2017 15:35,50,70.2,69,65.7,119,67.6,2,0,0
12/13/2017 15:40,62,68.5,82,63.8,144,65.8,2,0,0
12/13/2017 15:45,59,68.2,78,63.5,137,65.5,2,0,0
12/13/2017 15:50,51,69.2,69,64.5,120,66.5,2,0,0
12/13/2017 15:55,52,67.7,71,63,123,65,2,0,0
12/13/2017 16:00,46,68,64,63.3,110,65.2,2,0,0
12/13/2017 16:05,59,68.2,78,63.5,137,65.5,2,0,0
12/13/2017 16:10,58,69.5,76,64.9,134,66.9,2,0,0
12/13/2017 16:15,48,69.2,66,64.6,114,66.5,2,0,0
12/13/2017 16:20,52,69.5,70,64.9,122,66.8,2,0,0
12/13/2017 16:25,57,68.8,76,64.1,133,66.1,2,0,0
12/13/2017 16:30,52,68.9,71,64.3,123,66.3,2,0,0
12/13/2017 16:35,57,68.7,75,64.1,132,66.1,2,0,0
12/13/2017 16:40,48,69.4,66,64.8,114,66.7,2,0,0
12/13/2017 16:45,52,68.8,69,64.1,121,66.1,2,0,0
12/13/2017 16:50,51,68.9,70,64.3,121,66.2,2,0,0
12/13/2017 16:55,51,67,69,62,120,64.1,2,0,0
12/13/2017 17:00,51,68.5,69,63.7,120,65.7,2,0,0
12/13/2017 17:05,49,69,66,64.4,115,66.3,2,0,0
12/13/2017 17:10,48,68.8,66,64.1,114,66.1,2,0,0
12/13/2017 17:15,55,68.4,75,63.6,130,65.6,2,0,0
12/13/2017 17:20,50,68.8,67,64.1,117,66.1,2,0,0
12/13/2017 17:25,46,68.9,64,64.1,110,66.1,2,0,0
12/13/2017 17:30,51,67.7,70,62.9,121,64.9,2,0,0
12/13/2017 17:35,52,67.5,70,62.6,122,64.7,2,0,0
12/13/2017 17:40,47,66.5,65,61.5,112,63.6,2,0,0
12/13/2017 17:45,47,65.9,65,61,112,63,2,0,0
12/13/2017 17:50,44,68.3,61,63.6,105,65.6,2,0,0
12/13/2017 17:55,38,68.5,56,63.7,94,65.6,2,0,0
12/13/2017 18:00,41,67.6,58,62.8,99,64.8,2,0,0
12/13/2017 18:05,47,67.6,65,62.8,112,64.9,2,0,0
12/13/2017 18:10,49,69.5,67,64.9,116,66.8,2,0,0
12/13/2017 18:15,47,68.7,65,64,112,66,2,0,0
12/13/2017 18:20,45,67.7,62,63,107,65,2,0,0
12/13/2017 18:25,43,68.5,59,63.9,102,65.8,2,0,0
12/13/2017 18:30,48,69.5,66,64.9,114,66.8,2,0,0
12/13/2017 18:35,46,70,63,65.4,109,67.3,2,0,0
12/13/2017 18:40,49,69.8,67,65.2,116,67.2,2,0,0
12/13/2017 18:45,44,69.5,62,64.9,106,66.8,2,0,0
12/13/2017 18:50,46,70,64,65.4,110,67.3,2,0,0
12/13/2017 18:55,44,69.4,62,64.9,106,66.8,2,0,0
12/13/2017 19:00,36,68.8,53,64.2,89,66.1,2,0,0
12/13/2017 19:05,35,68,53,63.2,88,65.1,2,0,0
12/13/2017 19:10,43,68,61,63.2,104,65.2,2,0,0
12/13/2017 19:15,41,67.9,58,63.2,99,65.1,2,0,0
12/13/2017 19:20,36,68.2,53,63.5,89,65.4,2,0,0
12/13/2017 19:25,36,68.8,53,64,89,65.9,2,0,0
12/13/2017 19:30,42,69,59,64.4,101,66.3,2,0,0
12/13/2017 19:35,39,69.2,55,64.6,94,66.5,2,0,0
12/13/2017 19:40,42,68.5,59,63.8,101,65.8,2,0,0
12/13/2017 19:45,39,68.6,56,63.9,95,65.9,2,0,0
12/13/2017 19:50,29,69.4,46,64.8,75,66.6,2,0,0
12/13/2017 19:55,31,69.1,47,64.5,78,66.3,2,0,0
12/13/2017 20:00,34,68.9,50,64.3,84,66.2,2,0,0
12/13/2017 20:05,33,69.1,49,64.5,82,66.4,2,0,0
12/13/2017 20:10,36,69.2,52,64.5,88,66.4,2,0,0
12/13/2017 20:15,26,68.5,41,63.8,67,65.6,2,0,0
12/13/2017 20:20,33,69.1,50,64.5,83,66.4,2,0,0
12/13/2017 20:25,32,68.8,49,64.2,81,66,2,0,0
12/13/2017 20:30,30,68.6,47,63.9,77,65.7,2,0,0
12/13/2017 20:35,34,68.9,50,64.2,84,66.1,2,0,0
12/13/2017 20:40,31,68.9,48,64.2,79,66.1,2,0,0
12/13/2017 20:45,32,68.5,48,63.8,80,65.7,2,0,0
12/13/2017 20:50,29,69,45,64.3,74,66.1,2,0,0
12/13/2017 20:55,26,69.1,42,64.5,68,66.3,2,0,0
12/13/2017 21:00,31,69.2,48,64.5,79,66.3,2,0,0
12/13/2017 21:05,29,68.8,44,64.1,73,66,2,0,0
12/13/2017 21:10,26,68,42,63.3,68,65.1,2,0,0
12/13/2017 21:15,27,68.7,43,64,70,65.8,2,0,0
12/13/2017 21:20,29,68.9,45,64.3,74,66.1,2,0,0
12/13/2017 21:25,27,69,43,64.4,70,66.2,2,0,0
12/13/2017 21:30,24,69.2,40,64.6,64,66.3,2,0,0
12/13/2017 21:35,24,69.5,40,64.9,64,66.6,2,0,0
12/13/2017 21:40,26,69.5,41,64.9,67,66.7,2,0,0
12/13/2017 21:45,21,69.2,37,64.5,58,66.2,2,0,0
12/13/2017 21:50,20,68.6,36,64,56,65.6,2,0,0
12/13/2017 21:55,23,68.8,39,64.1,62,65.8,2,0,0
12/13/2017 22:00,24,68.7,40,64.1,64,65.8,2,0,0
12/13/2017 22:05,22,69,38,64.3,60,66,2,0,0
12/13/2017 22:10,17,69.1,33,64.4,50,66,2,0,0
12/13/2017 22:15,20,69.3,36,64.7,56,66.3,2,0,0
12/13/2017 22:20,21,69.4,37,64.8,58,66.5,2,0,0
12/13/2017 22:25,19,69.3,35,64.7,54,66.3,2,0,0
12/13/2017 22:30,30,68.8,45,64.2,75,66,2,0,0
12/13/2017 22:35,17,69.2,33,64.6,50,66.1,2,0,0
12/13/2017 22:40,14,69.3,30,64.7,44,66.2,2,0,0
12/13/2017 22:45,22,69.5,38,64.9,60,66.6,2,0,0
12/13/2017 22:50,20,69.7,35,65.1,55,66.7,2,0,0
12/13/2017 22:55,11,69.5,27,64.9,38,66.2,2,0,0
12/13/2017 23:00,18,69.2,33,64.6,51,66.2,2,0,0
12/13/2017 23:05,11,69.3,27,64.7,38,66,2,0,0
12/13/2017 23:10,18,69.2,33,64.6,51,66.2,2,0,0
12/13/2017 23:15,18,69.3,34,64.7,52,66.3,2,0,0
12/13/2017 23:20,20,69.4,36,64.8,56,66.4,2,0,0
12/13/2017 23:25,15,69.3,30,64.7,45,66.2,2,0,0
12/13/2017 23:30,13,69.3,28,64.7,41,66.2,2,0,0
12/13/2017 23:35,17,68.7,33,64.1,50,65.7,2,0,0
12/13/2017 23:40,12,68.6,27,64,39,65.4,2,0,0
12/13/2017 23:45,13,68.9,28,64.3,41,65.7,2,0,0
12/13/2017 23:50,14,69,30,64.3,44,65.8,2,0,0
12/13/2017 23:55,12,69,28,64.3,40,65.7,2,0,0
12/14/2017 0:00,10,69.3,25,64.7,35,66.1,2,0,0
12/14/2017 0:05,7,69.3,23,64.7,30,65.8,2,0,0
12/14/2017 0:10,11,68.9,26,64.3,37,65.7,2,0,0
12/14/2017 0:15,8,69.1,23,64.5,31,65.7,2,0,0
12/14/2017 0:20,7,69.2,23,64.6,30,65.7,2,0,0
12/14/2017 0:25,9,69.2,24,64.5,33,65.8,2,0,0
12/14/2017 0:30,7,69.2,22,64.6,29,65.7,2,0,0
12/14/2017 0:35,7,69.3,22,64.7,29,65.8,2,0,0
12/14/2017 0:40,9,69.5,24,64.9,33,66.1,2,0,0
12/14/2017 0:45,8,69.4,23,64.8,31,66,2,0,0
12/14/2017 0:50,8,69.4,23,64.8,31,66,2,0,0
12/14/2017 0:55,6,69.2,21,64.6,27,65.6,2,0,0
12/14/2017 1:00,6,69.3,21,64.7,27,65.7,2,0,0
12/14/2017 1:05,7,69.4,22,64.8,29,65.9,2,0,0
12/14/2017 1:10,7,69.4,23,64.8,30,65.9,2,0,0
12/14/2017 1:15,7,69.4,22,64.8,29,65.9,2,0,0
12/14/2017 1:20,6,69.3,21,64.7,27,65.7,2,0,0
12/14/2017 1:25,10,68.6,25,64,35,65.3,2,0,0
12/14/2017 1:30,7,69.1,22,64.5,29,65.6,2,0,0
12/14/2017 1:35,10,69.2,25,64.6,35,65.9,2,0,0
12/14/2017 1:40,5,69.2,20,64.6,25,65.5,2,0,0
12/14/2017 1:45,5,69.3,21,64.7,26,65.6,2,0,0
12/14/2017 1:50,4,69.4,20,64.8,24,65.5,2,0,0
12/14/2017 1:55,6,69.4,21,64.8,27,65.8,2,0,0
12/14/2017 2:00,6,69.4,21,64.8,27,65.9,2,0,0
12/14/2017 2:05,8,69.4,23,64.8,31,66,2,0,0
12/14/2017 2:10,7,69.5,23,64.9,30,66,2,0,0
12/14/2017 2:15,11,69.4,21,64.8,32,66.4,2,0,0
12/14/2017 2:20,6,69.3,21,64.7,27,65.8,2,0,0
12/14/2017 2:25,8,69,24,64.4,32,65.5,2,0,0
12/14/2017 2:30,6,69.2,22,64.5,28,65.5,2,0,0
12/14/2017 2:35,8,69.2,24,64.6,32,65.7,2,0,0
12/14/2017 2:40,8,69.2,23,64.6,31,65.8,2,0,0
12/14/2017 2:45,10,69.4,25,64.8,35,66.1,2,0,0
12/14/2017 2:50,10,69.5,25,64.9,35,66.2,2,0,0
12/14/2017 2:55,7,69.3,22,64.7,29,65.8,2,0,0
12/14/2017 3:00,12,69.4,21,64.8,33,66.4,2,0,0
12/14/2017 3:05,8,69.3,24,64.7,32,65.8,2,0,0
12/14/2017 3:10,8,69.3,23,64.7,31,65.9,2,0,0
12/14/2017 3:15,10,69.2,25,64.6,35,65.9,2,0,0
12/14/2017 3:20,6,69.3,21,64.7,27,65.7,2,0,0
12/14/2017 3:25,13,69.1,29,64.5,42,66,2,0,0
12/14/2017 3:30,12,69.2,27,64.6,39,66,2,0,0
12/14/2017 3:35,11,69.3,27,64.7,38,66,2,0,0
12/14/2017 3:40,13,69.3,29,64.7,42,66.1,2,0,0
12/14/2017 3:45,13,69.4,29,64.8,42,66.2,2,0,0
12/14/2017 3:50,15,69.4,31,64.8,46,66.3,2,0,0
12/14/2017 3:55,18,69.2,34,64.5,52,66.1,2,0,0
12/14/2017 4:00,15,69,31,64.4,46,65.9,2,0,0
12/14/2017 4:05,18,68.9,34,64.2,52,65.9,2,0,0
12/14/2017 4:10,22,69.2,39,64.6,61,66.3,2,0,0
12/14/2017 4:15,20,69,37,64.4,57,66,2,0,0
12/14/2017 4:20,17,69.3,33,64.7,50,66.2,2,0,0
12/14/2017 4:25,25,69.4,41,64.8,66,66.6,2,0,0
12/14/2017 4:30,23,69.5,39,65,62,66.7,2,0,0
12/14/2017 4:35,27,69.3,44,64.7,71,66.4,2,0,0
12/14/2017 4:40,29,68.8,47,64.2,76,66,2,0,0
12/14/2017 4:45,36,69.4,55,64.8,91,66.6,2,0,0
12/14/2017 4:50,36,69.5,53,64.9,89,66.8,2,0,0
12/14/2017 4:55,31,69.1,49,64.5,80,66.3,2,0,0
12/14/2017 5:00,37,69.4,55,64.8,92,66.7,2,0,0
12/14/2017 5:05,47,69,65,64.4,112,66.3,2,0,0
12/14/2017 5:10,44,67.7,63,62.9,107,64.9,2,0,0
12/14/2017 5:15,47,68,66,63.3,113,65.3,2,0,0
12/14/2017 5:20,44,66.5,63,61.7,107,63.7,2,0,0
12/14/2017 5:25,52,68.3,72,63.6,124,65.5,2,0,0
12/14/2017 5:30,47,69.3,67,64.7,114,66.6,2,0,0
12/14/2017 5:35,50,68.6,69,63.9,119,65.9,2,0,0
12/14/2017 5:40,56,68.8,76,64.1,132,66.1,2,0,0
12/14/2017 5:45,66,66.5,87,61.6,153,63.7,2,0,0
12/14/2017 5:50,49,67.2,69,62.4,118,64.4,2,0,0
12/14/2017 5:55,54,68.1,75,63.4,129,65.4,2,0,0
12/14/2017 6:00,48,68,68,63.2,116,65.2,2,0,0
12/14/2017 6:05,49,67.5,68,62.8,117,64.8,2,0,0
12/14/2017 6:10,50,67.6,70,62.9,120,64.9,2,0,0
12/14/2017 6:15,53,66.8,73,62,126,64.1,2,0,0
12/14/2017 6:20,53,66.9,73,62.1,126,64.1,2,0,0
12/14/2017 6:25,38,65.8,56,61,94,62.9,2,0,0
12/14/2017 6:30,53,64.8,73,59.8,126,61.9,2,0,0
12/14/2017 6:35,55,66.3,75,61.5,130,63.5,2,0,0
12/14/2017 6:40,48,67.7,66,62.9,114,64.9,2,0,0
12/14/2017 6:45,59,67.9,79,63.1,138,65.2,2,0,0
12/14/2017 6:50,49,66.1,69,61.3,118,63.3,2,0,0
12/14/2017 6:55,52,67.7,72,63,124,64.9,2,0,0
12/14/2017 7:00,41,67.7,60,62.9,101,64.8,2,0,0
12/14/2017 7:05,43,68,62,63.2,105,65.2,2,0,0
12/14/2017 7:10,53,63.1,73,57.8,126,60.1,2,0,0
12/14/2017 7:15,50,53.1,69,46.5,119,49.3,2,0,0
12/14/2017 7:20,52,56.1,72,49.9,124,52.5,2,0,0
12/14/2017 7:25,58,60.4,79,54.8,137,57.2,2,0,0
12/14/2017 7:30,73,62.4,96,57.1,169,59.4,2,0,0
12/14/2017 7:35,81,62.8,104,57.5,185,59.8,2,0,0
12/14/2017 7:40,77,64.8,101,59.7,178,61.9,2,0,0
12/14/2017 7:45,87,65.7,111,60.6,198,62.8,2,0,0
12/14/2017 7:50,74,66.2,95,61.2,169,63.4,2,0,0
12/14/2017 7:55,79,67,100,62.1,179,64.2,2,0,0
12/14/2017 8:00,77,65.4,99,60.3,176,62.5,2,0,0
12/14/2017 8:05,83,65,106,59.9,189,62.2,2,0,0
12/14/2017 8:10,81,65.2,103,60.1,184,62.4,2,0,0
12/14/2017 8:15,76,64.9,99,59.9,175,62.1,2,0,0
12/14/2017 8:20,75,65.1,97,60,172,62.3,2,0,0
12/14/2017 8:25,78,65.1,100,60,178,62.3,2,0,0
12/14/2017 8:30,81,65,103,59.8,184,62.1,2,0,0
12/14/2017 8:35,82,64.1,104,58.9,186,61.2,2,0,0
12/14/2017 8:40,90,63.8,113,58.6,203,60.9,2,0,0
12/14/2017 8:45,85,61.7,109,56.3,194,58.7,2,0,0
12/14/2017 8:50,79,62.6,101,57.3,180,59.6,2,0,0
12/14/2017 8:55,84,64,106,58.9,190,61.1,2,0,0
12/14/2017 9:00,82,64.8,104,59.7,186,61.9,2,0,0
12/14/2017 9:05,72,64.3,94,59.1,166,61.4,2,0,0
12/14/2017 9:10,75,64.4,97,59.4,172,61.6,2,0,0
12/14/2017 9:15,76,63.4,97,58.2,173,60.5,2,0,0
12/14/2017 9:20,74,62.7,95,57.5,169,59.7,2,0,0
12/14/2017 9:25,69,63.7,89,58.5,158,60.8,2,0,0
12/14/2017 9:30,68,62.7,90,57.5,158,59.8,2,0,0
12/14/2017 9:35,68,60.9,87,55.4,155,57.8,2,0,0
12/14/2017 9:40,69,62.8,89,57.5,158,59.8,2,0,0
12/14/2017 9:45,62,63.9,81,58.7,143,61,2,0,0
12/14/2017 9:50,71,64.4,91,59.3,162,61.5,2,0,0
12/14/2017 9:55,69,63.9,90,58.7,159,60.9,2,0,0
12/14/2017 10:00,66,64.6,86,59.5,152,61.7,2,0,0
12/14/2017 10:05,58,64.1,78,59,136,61.2,2,0,0
12/14/2017 10:10,70,64.5,90,59.5,160,61.7,2,0,0
12/14/2017 10:15,62,62.7,81,57.4,143,59.7,2,0,0
12/14/2017 10:20,64,62.3,84,56.9,148,59.2,2,0,0
12/14/2017 10:25,79,63.9,99,58.7,178,61,2,0,0
12/14/2017 10:30,57,65.2,75,60.1,132,62.3,2,0,0
12/14/2017 10:35,73,65.7,94,60.6,167,62.8,2,0,0
12/14/2017 10:40,70,64.5,91,59.4,161,61.6,2,0,0
12/14/2017 10:45,78,64.5,98,59.4,176,61.6,2,0,0
12/14/2017 10:50,63,65.7,81,60.7,144,62.9,2,0,0
12/14/2017 10:55,73,64.1,93,58.9,166,61.2,2,0,0
12/14/2017 11:00,67,63.5,87,58.4,154,60.6,2,0,0
12/14/2017 11:05,65,64.5,84,59.4,149,61.6,2,0,0
12/14/2017 11:10,59,65.4,79,60.5,138,62.6,2,0,0
12/14/2017 11:15,79,65.7,100,60.8,179,62.9,2,0,0
12/14/2017 11:20,65,64.2,84,59.2,149,61.4,2,0,0
12/14/2017 11:25,75,63.1,94,58,169,60.3,2,0,0
12/14/2017 11:30,73,64.2,93,59.1,166,61.3,2,0,0
12/14/2017 11:35,63,64.2,82,59.1,145,61.3,2,0,0
12/14/2017 11:40,65,65.5,84,60.5,149,62.7,2,0,0
12/14/2017 11:45,74,64,95,58.8,169,61.1,2,0,0
12/14/2017 11:50,71,64.2,92,59.1,163,61.3,2,0,0
12/14/2017 11:55,74,62.2,95,56.9,169,59.3,2,0,0
12/14/2017 12:00,74,63.3,95,58.2,169,60.4,2,0,0
12/14/2017 12:05,62,63.4,82,58.3,144,60.5,2,0,0
12/14/2017 12:10,72,63.4,92,58.3,164,60.6,2,0,0
12/14/2017 12:15,63,64.2,82,59.2,145,61.3,2,0,0
12/14/2017 12:20,62,65.3,82,60.3,144,62.5,2,0,0
12/14/2017 12:25,61,66.1,80,61.1,141,63.3,2,0,0
12/14/2017 12:30,57,65.5,76,60.5,133,62.7,2,0,0
12/14/2017 12:35,63,65.9,82,60.9,145,63,2,0,0
12/14/2017 12:40,65,65.8,84,60.9,149,63,2,0,0
12/14/2017 12:45,58,65.3,78,60.2,136,62.4,2,0,0
12/14/2017 12:50,56,65.3,74,60.3,130,62.4,2,0,0
12/14/2017 12:55,58,65.3,77,60.3,135,62.5,2,0,0
12/14/2017 13:00,44,65.4,62,60.5,106,62.5,2,0,0
12/14/2017 13:05,51,64.7,69,59.7,120,61.8,2,0,0
12/14/2017 13:10,51,64.4,68,59.4,119,61.6,2,0,0
12/14/2017 13:15,49,64.3,67,59.3,116,61.4,2,0,0
12/14/2017 13:20,53,64.7,71,59.7,124,61.9,2,0,0
12/14/2017 13:25,51,66.5,69,61.7,120,63.7,2,0,0
12/14/2017 13:30,51,66.5,69,61.7,120,63.7,2,0,0
12/14/2017 13:35,55,66.2,73,61.4,128,63.5,2,0,0
12/14/2017 13:40,52,67,70,62.2,122,64.2,2,0,0
12/14/2017 13:45,58,68,77,63.3,135,65.3,2,0,0
12/14/2017 13:50,60,66.8,78,62,138,64,2,0,0
12/14/2017 13:55,51,65.2,68,60.3,119,62.4,2,0,0
12/14/2017 14:00,59,65.9,78,61,137,63.1,2,0,0
12/14/2017 14:05,51,67.2,68,62.4,119,64.5,2,0,0
12/14/2017 14:10,53,66.9,71,62.1,124,64.2,2,0,0
12/14/2017 14:15,60,66.1,79,61.2,139,63.3,2,0,0
12/14/2017 14:20,61,64.9,80,59.9,141,62.1,2,0,0
12/14/2017 14:25,42,64.7,59,59.7,101,61.8,2,0,0
12/14/2017 14:30,63,64.7,82,59.7,145,61.9,2,0,0
12/14/2017 14:35,56,65.7,74,60.8,130,62.9,2,0,0
12/14/2017 14:40,54,66.2,73,61.3,127,63.4,2,0,0
12/14/2017 14:45,51,66.3,69,61.4,120,63.5,2,0,0
12/14/2017 14:50,52,66.7,69,61.9,121,64,2,0,0
12/14/2017 14:55,55,67.1,74,62.3,129,64.3,2,0,0
12/14/2017 15:00,56,66.4,74,61.5,130,63.6,2,0,0
12/14/2017 15:05,68,66,89,61.1,157,63.3,2,0,0
12/14/2017 15:10,56,66.2,75,61.4,131,63.4,2,0,0
12/14/2017 15:15,72,65.5,92,60.5,164,62.7,2,0,0
12/14/2017 15:20,73,64.1,93,59,166,61.3,2,0,0
12/14/2017 15:25,68,59.4,88,53.7,156,56.2,2,0,0
12/14/2017 15:30,60,55.6,78,49.5,138,52.2,2,0,0
12/14/2017 15:35,64,49.8,84,43.1,148,46,2,0,0
12/14/2017 15:40,66,43.3,85,35.8,151,39.1,2,0,0
12/14/2017 15:45,63,37.1,81,28.9,144,32.5,2,0,0
12/14/2017 15:50,67,34.6,87,26.2,154,29.8,2,0,0
12/14/2017 15:55,56,36.2,74,28.1,130,31.6,2,0,0
12/14/2017 16:00,66,40.8,85,33.1,151,36.5,2,0,0
12/14/2017 16:05,50,48.3,69,41.5,119,44.4,2,0,0
12/14/2017 16:10,56,52.9,74,46.6,130,49.3,2,0,0
12/14/2017 16:15,51,51.9,70,45.5,121,48.2,2,0,0
12/14/2017 16:20,53,52.2,73,45.6,126,48.3,2,0,0
12/14/2017 16:25,40,54.1,58,47.8,98,50.4,2,0,0
12/14/2017 16:30,46,59.9,65,54.2,111,56.6,2,0,0
12/14/2017 16:35,61,62.2,81,56.8,142,59.1,2,0,0
12/14/2017 16:40,48,58.5,67,52.7,115,55.1,2,0,0
12/14/2017 16:45,59,55.9,79,49.7,138,52.4,2,0,0
12/14/2017 16:50,50,51.9,69,45.3,119,48.1,2,0,0
12/14/2017 16:55,49,47.6,67,40.6,116,43.6,2,0,0
12/14/2017 17:00,52,38.5,71,30.4,123,33.8,2,0,0
12/14/2017 17:05,48,33.6,65,25.1,113,28.7,2,0,0
12/14/2017 17:10,49,31,67,22.2,116,26,2,0,0
12/14/2017 17:15,50,29.8,68,20.8,118,24.6,2,0,0
12/14/2017 17:20,38,28.2,55,19.1,93,22.9,2,0,0
12/14/2017 17:25,45,27.9,63,18.7,108,22.5,2,0,0
12/14/2017 17:30,47,27.8,65,18.7,112,22.6,2,0,0
12/14/2017 17:35,44,27.5,62,18.4,106,22.2,2,0,0
12/14/2017 17:40,45,27.5,62,18.3,107,22.2,2,0,0
12/14/2017 17:45,50,27.8,68,18.7,118,22.5,2,0,0
12/14/2017 17:50,54,28.2,73,19.1,127,23,2,0,0
12/14/2017 17:55,53,28.5,71,19.4,124,23.3,2,0,0
12/14/2017 18:00,45,29.9,62,20.9,107,24.7,2,0,0
12/14/2017 18:05,44,34.3,62,25.7,106,29.3,2,0,0
12/14/2017 18:10,43,40.4,62,32.5,105,35.8,2,0,0
12/14/2017 18:15,47,46.5,65,39.2,112,42.3,2,0,0
12/14/2017 18:20,54,53.3,74,46.8,128,49.6,2,0,0
12/14/2017 18:25,57,53,77,46.5,134,49.2,2,0,0
12/14/2017 18:30,50,56.1,68,50.1,118,52.7,2,0,0
12/14/2017 18:35,62,58.2,81,52.3,143,54.9,2,0,0
12/14/2017 18:40,55,59.2,74,53.4,129,55.9,2,0,0
12/14/2017 18:45,57,55.3,75,49.1,132,51.8,2,0,0
12/14/2017 18:50,53,55,72,48.7,125,51.3,2,0,0
12/14/2017 18:55,37,60.3,54,54.6,91,56.9,2,0,0
12/14/2017 19:00,50,64,67,58.8,117,61,2,0,0
12/14/2017 19:05,36,65.5,53,60.5,89,62.5,2,0,0
12/14/2017 19:10,44,67.1,61,62.2,105,64.2,2,0,0
12/14/2017 19:15,38,67.4,56,62.5,94,64.5,2,0,0
12/14/2017 19:20,41,65.6,58,60.7,99,62.7,2,0,0
12/14/2017 19:25,36,67.1,53,62.3,89,64.2,2,0,0
12/14/2017 19:30,41,67.9,58,63.1,99,65.1,2,0,0
12/14/2017 19:35,37,67,54,62.1,91,64.1,2,0,0
12/14/2017 19:40,38,67.4,56,62.6,94,64.6,2,0,0
12/14/2017 19:45,41,66.9,57,62,98,64.1,2,0,0
12/14/2017 19:50,32,67.7,48,62.9,80,64.9,2,0,0
12/14/2017 19:55,34,68,51,63.2,85,65.1,2,0,0
12/14/2017 20:00,35,67.5,52,62.7,87,64.7,2,0,0
12/14/2017 20:05,43,66.4,60,61.6,103,63.6,2,0,0
12/14/2017 20:10,36,67.3,52,62.5,88,64.5,2,0,0
12/14/2017 20:15,33,67.4,49,62.6,82,64.5,2,0,0
12/14/2017 20:20,36,68.1,52,63.4,88,65.3,2,0,0
12/14/2017 20:25,40,68.1,57,63.4,97,65.3,2,0,0
12/14/2017 20:30,33,68.1,50,63.4,83,65.3,2,0,0
12/14/2017 20:35,35,68.3,51,63.6,86,65.5,2,0,0
12/14/2017 20:40,35,68.8,51,64.2,86,66.1,2,0,0
12/14/2017 20:45,33,68.5,49,63.8,82,65.7,2,0,0
12/14/2017 20:50,36,69.1,52,64.4,88,66.3,2,0,0
12/14/2017 20:55,33,68.8,50,64.1,83,66,2,0,0
12/14/2017 21:00,27,68.9,43,64.3,70,66.1,2,0,0
12/14/2017 21:05,34,68.6,50,64,84,65.9,2,0,0
12/14/2017 21:10,31,69.2,48,64.6,79,66.4,2,0,0
12/14/2017 21:15,33,68.8,50,64.2,83,66,2,0,0
12/14/2017 21:20,37,68.8,54,64.2,91,66.1,2,0,0
12/14/2017 21:25,35,68.8,52,64.1,87,66,2,0,0
12/14/2017 21:30,38,68.1,55,63.3,93,65.3,2,0,0
12/14/2017 21:35,31,68.7,48,64,79,65.8,2,0,0
12/14/2017 21:40,36,68.7,52,64.1,88,66,2,0,0
12/14/2017 21:45,33,69.4,50,64.8,83,66.6,2,0,0
12/14/2017 21:50,35,69.8,51,65.2,86,67.1,2,0,0
12/14/2017 21:55,28,69.2,44,64.5,72,66.3,2,0,0
12/14/2017 22:00,25,69.2,41,64.5,66,66.3,2,0,0
12/14/2017 22:05,23,69.3,39,64.7,62,66.4,2,0,0
12/14/2017 22:10,23,68.6,39,63.9,62,65.6,2,0,0
12/14/2017 22:15,24,68.9,40,64.3,64,66,2,0,0
12/14/2017 22:20,18,69,35,64.4,53,66,2,0,0
12/14/2017 22:25,22,68.6,38,64,60,65.7,2,0,0
12/14/2017 22:30,27,69.2,44,64.6,71,66.3,2,0,0
12/14/2017 22:35,21,68.7,36,64,57,65.8,2,0,0
12/14/2017 22:40,21,68.9,37,64.3,58,66,2,0,0
12/14/2017 22:45,21,69.2,36,64.6,57,66.3,2,0,0
12/14/2017 22:50,18,69.1,34,64.5,52,66.1,2,0,0
12/14/2017 22:55,20,69.4,36,64.8,56,66.5,2,0,0
12/14/2017 23:00,12,69.3,27,64.7,39,66.1,2,0,0
12/14/2017 23:05,23,69,39,64.3,62,66,2,0,0
12/14/2017 23:10,24,68.7,40,64.1,64,65.8,2,0,0
12/14/2017 23:15,16,69,31,64.4,47,66,2,0,0
12/14/2017 23:20,15,69.2,31,64.6,46,66.1,2,0,0
12/14/2017 23:25,16,69.3,31,64.7,47,66.3,2,0,0
12/14/2017 23:30,16,69.3,31,64.7,47,66.2,2,0,0
12/14/2017 23:35,17,69.4,33,64.8,50,66.3,2,0,0
12/14/2017 23:40,18,69.4,34,64.8,52,66.4,2,0,0
12/14/2017 23:45,15,69.4,31,64.8,46,66.3,2,0,0
12/14/2017 23:50,17,69.3,33,64.7,50,66.2,2,0,0
12/14/2017 23:55,15,69.2,30,64.5,45,66.1,2,0,0
12/15/2017 0:00,15,69.3,30,64.7,45,66.3,2,0,0
12/15/2017 0:05,11,69,27,64.4,38,65.7,2,0,0
12/15/2017 0:10,11,69.3,27,64.7,38,66.1,2,0,0
12/15/2017 0:15,10,69.3,26,64.7,36,66,2,0,0
12/15/2017 0:20,11,69.4,26,64.8,37,66.1,2,0,0
12/15/2017 0:25,9,69.2,24,64.5,33,65.8,2,0,0
12/15/2017 0:30,12,69.2,28,64.6,40,66,2,0,0
12/15/2017 0:35,12,69.3,27,64.7,39,66.1,2,0,0
12/15/2017 0:40,13,69.3,28,64.7,41,66.2,2,0,0
12/15/2017 0:45,11,69.2,26,64.5,37,65.9,2,0,0
12/15/2017 0:50,8,69.3,23,64.7,31,65.8,2,0,0
12/15/2017 0:55,9,69.2,24,64.6,33,65.9,2,0,0
12/15/2017 1:00,8,69.3,23,64.7,31,65.9,2,0,0
12/15/2017 1:05,7,69.4,22,64.8,29,65.9,2,0,0
12/15/2017 1:10,10,69.2,25,64.6,35,65.9,2,0,0
12/15/2017 1:15,7,69.3,23,64.7,30,65.7,2,0,0
12/15/2017 1:20,5,69.3,21,64.7,26,65.5,2,0,0
12/15/2017 1:25,13,69.4,28,64.8,41,66.3,2,0,0
12/15/2017 1:30,8,69.1,23,64.5,31,65.7,2,0,0
12/15/2017 1:35,8,69.2,23,64.6,31,65.8,2,0,0
12/15/2017 1:40,7,69.3,22,64.7,29,65.8,2,0,0
12/15/2017 1:45,11,69.4,26,64.8,37,66.2,2,0,0
12/15/2017 1:50,13,69.3,21,64.7,34,66.5,2,0,0
12/15/2017 1:55,9,69.4,24,64.8,33,66.1,2,0,0
12/15/2017 2:00,6,69.4,21,64.8,27,65.8,2,0,0
12/15/2017 2:05,8,69.4,23,64.8,31,66,2,0,0
12/15/2017 2:10,7,69.4,23,64.8,30,65.9,2,0,0
12/15/2017 2:15,5,69.4,20,64.8,25,65.7,2,0,0
12/15/2017 2:20,8,69.3,23,64.7,31,65.9,2,0,0
12/15/2017 2:25,7,69.2,22,64.6,29,65.7,2,0,0
12/15/2017 2:30,11,69.3,26,64.7,37,66.1,2,0,0
12/15/2017 2:35,9,69.1,25,64.5,34,65.7,2,0,0
12/15/2017 2:40,10,69.2,26,64.5,36,65.8,2,0,0
12/15/2017 2:45,11,69,27,64.4,38,65.7,2,0,0
12/15/2017 2:50,9,69.1,24,64.5,33,65.7,2,0,0
12/15/2017 2:55,9,69.2,25,64.6,34,65.8,2,0,0
12/15/2017 3:00,9,68.9,24,64.3,33,65.5,2,0,0
12/15/2017 3:05,10,69.1,25,64.5,35,65.8,2,0,0
12/15/2017 3:10,10,68.8,25,64.2,35,65.5,2,0,0
12/15/2017 3:15,14,69,29,64.4,43,65.9,2,0,0
12/15/2017 3:20,8,69.1,24,64.5,32,65.6,2,0,0
12/15/2017 3:25,12,69.2,28,64.6,40,66,2,0,0
12/15/2017 3:30,14,69.3,30,64.7,44,66.2,2,0,0
12/15/2017 3:35,14,69.4,29,64.7,43,66.2,2,0,0
12/15/2017 3:40,14,69.3,30,64.7,44,66.2,2,0,0
12/15/2017 3:45,14,69.2,30,64.6,44,66.1,2,0,0
12/15/2017 3:50,20,69.4,36,64.8,56,66.5,2,0,0
12/15/2017 3:55,13,69.4,29,64.8,42,66.3,2,0,0
12/15/2017 4:00,14,69.3,30,64.7,44,66.1,2,0,0
12/15/2017 4:05,16,68.9,32,64.2,48,65.8,2,0,0
12/15/2017 4:10,21,68.8,37,64.2,58,65.8,2,0,0
12/15/2017 4:15,24,68.8,41,64.1,65,65.9,2,0,0
12/15/2017 4:20,21,68.6,37,64,58,65.7,2,0,0
12/15/2017 4:25,24,69,40,64.4,64,66.1,2,0,0
12/15/2017 4:30,34,68.4,51,63.6,85,65.5,2,0,0
12/15/2017 4:35,25,68.5,42,63.8,67,65.5,2,0,0
12/15/2017 4:40,34,68.7,52,64.1,86,65.9,2,0,0
12/15/2017 4:45,36,69,53,64.3,89,66.2,2,0,0
12/15/2017 4:50,30,68.5,47,63.8,77,65.6,2,0,0
12/15/2017 4:55,35,68.6,53,63.9,88,65.8,2,0,0
12/15/2017 5:00,39,68.7,57,64.1,96,66,2,0,0
12/15/2017 5:05,40,69.3,58,64.7,98,66.6,2,0,0
12/15/2017 5:10,38,69.6,56,64.9,94,66.8,2,0,0
12/15/2017 5:15,41,70.3,60,65.8,101,67.6,2,0,0
12/15/2017 5:20,49,69.4,68,64.8,117,66.7,2,0,0
12/15/2017 5:25,50,67.9,70,63.1,120,65.1,2,0,0
12/15/2017 5:30,53,68,73,63.2,126,65.2,2,0,0
12/15/2017 5:35,47,68.4,66,63.7,113,65.6,2,0,0
12/15/2017 5:40,66,67.5,87,62.6,153,64.7,2,0,0
12/15/2017 5:45,60,65.9,81,60.9,141,63,2,0,0
12/15/2017 5:50,62,66.6,84,61.7,146,63.8,2,0,0
12/15/2017 5:55,52,67.4,71,62.6,123,64.6,2,0,0
12/15/2017 6:00,51,68.3,71,63.6,122,65.6,2,0,0
12/15/2017 6:05,54,68.4,73,63.6,127,65.7,2,0,0
12/15/2017 6:10,57,67.9,78,63.2,135,65.2,2,0,0
12/15/2017 6:15,60,68.1,82,63.4,142,65.4,2,0,0
12/15/2017 6:20,58,67.6,78,62.9,136,64.9,2,0,0
12/15/2017 6:25,58,68.2,78,63.4,136,65.4,2,0,0
12/15/2017 6:30,75,67.7,97,62.9,172,65,2,0,0
12/15/2017 6:35,59,68.4,79,63.7,138,65.7,2,0,0
12/15/2017 6:40,69,66.7,90,61.9,159,64,2,0,0
12/15/2017 6:45,83,67,105,62.2,188,64.3,2,0,0
12/15/2017 6:50,71,67.6,93,62.7,164,64.8,2,0,0
12/15/2017 6:55,61,67.3,81,62.5,142,64.5,2,0,0
12/15/2017 7:00,61,67.3,81,62.5,142,64.6,2,0,0
12/15/2017 7:05,77,68,99,63.2,176,65.3,2,0,0
12/15/2017 7:10,73,68,93,63.2,166,65.3,2,0,0
12/15/2017 7:15,81,68.3,104,63.5,185,65.6,2,0,0
12/15/2017 7:20,77,67.6,100,62.7,177,64.9,2,0,0
12/15/2017 7:25,79,66.4,102,61.4,181,63.6,2,0,0
12/15/2017 7:30,85,67.6,108,62.8,193,64.9,2,0,0
12/15/2017 7:35,91,67.2,115,62.3,206,64.5,2,0,0
12/15/2017 7:40,87,67.9,111,63,198,65.2,2,0,0
12/15/2017 7:45,89,67.7,113,62.8,202,65,2,0,0
12/15/2017 7:50,84,68.4,107,63.6,191,65.7,2,0,0
12/15/2017 7:55,92,67.9,115,63.2,207,65.3,2,0,0
12/15/2017 8:00,70,67.4,91,62.7,161,64.8,2,0,0
12/15/2017 8:05,89,67.4,114,62.7,203,64.7,2,0,0
12/15/2017 8:10,75,67.2,96,62.5,171,64.6,2,0,0
12/15/2017 8:15,82,68.1,105,63.4,187,65.5,2,0,0
12/15/2017 8:20,77,68,99,63.3,176,65.4,2,0,0
12/15/2017 8:25,79,66.8,102,62,181,64,2,0,0
12/15/2017 8:30,90,66.6,113,61.8,203,63.9,2,0,0
12/15/2017 8:35,91,67.6,115,62.9,206,65,2,0,0
12/15/2017 8:40,83,66.5,106,61.7,189,63.8,2,0,0
12/15/2017 8:45,84,66,106,61.1,190,63.3,2,0,0
12/15/2017 8:50,87,65.1,110,60.1,197,62.3,2,0,0
12/15/2017 8:55,75,64.7,97,59.7,172,61.9,2,0,0
12/15/2017 9:00,73,66,94,61,167,63.2,2,0,0
12/15/2017 9:05,76,65.6,96,60.7,172,62.9,2,0,0
12/15/2017 9:10,75,64.2,97,59.2,172,61.4,2,0,0
12/15/2017 9:15,73,64.4,95,59.4,168,61.6,2,0,0
12/15/2017 9:20,68,64.9,90,59.9,158,62,2,0,0
12/15/2017 9:25,67,66.3,88,61.4,155,63.5,2,0,0
12/15/2017 9:30,75,66.6,96,61.8,171,63.9,2,0,0
12/15/2017 9:35,69,66.6,89,61.8,158,63.9,2,0,0
12/15/2017 9:40,81,64.8,102,59.8,183,62,2,0,0
12/15/2017 9:45,82,65.6,103,60.7,185,62.9,2,0,0
12/15/2017 9:50,81,65.5,102,60.6,183,62.8,2,0,0
12/15/2017 9:55,73,65.6,93,60.6,166,62.8,2,0,0
12/15/2017 10:00,69,67.2,89,62.4,158,64.5,2,0,0
12/15/2017 10:05,74,67.5,94,62.7,168,64.8,2,0,0
12/15/2017 10:10,71,66.7,91,61.9,162,64,2,0,0
12/15/2017 10:15,71,67.4,91,62.7,162,64.8,2,0,0
12/15/2017 10:20,74,67.5,93,62.8,167,64.9,2,0,0
12/15/2017 10:25,69,66.7,89,61.9,158,64,2,0,0
12/15/2017 10:30,71,67.5,91,62.7,162,64.8,2,0,0
12/15/2017 10:35,66,68,86,63.3,152,65.3,2,0,0
12/15/2017 10:40,60,67,79,62.3,139,64.3,2,0,0
12/15/2017 10:45,62,67.9,80,63.1,142,65.2,2,0,0
12/15/2017 10:50,50,68.1,69,63.4,119,65.4,2,0,0
12/15/2017 10:55,51,68.1,69,63.3,120,65.3,2,0,0
12/15/2017 11:00,58,66.3,76,61.5,134,63.6,2,0,0
12/15/2017 11:05,53,66.3,71,61.5,124,63.6,2,0,0
12/15/2017 11:10,56,66.5,75,61.6,131,63.7,2,0,0
12/15/2017 11:15,55,67.3,73,62.4,128,64.5,2,0,0
12/15/2017 11:20,60,65.8,79,60.9,139,63,2,0,0
12/15/2017 11:25,65,67.8,84,63,149,65.1,2,0,0
12/15/2017 11:30,55,67.3,74,62.5,129,64.5,2,0,0
12/15/2017 11:35,63,67.1,82,62.3,145,64.4,2,0,0
12/15/2017 11:40,74,66.1,95,61.2,169,63.3,2,0,0
12/15/2017 11:45,73,65.9,93,60.9,166,63.1,2,0,0
12/15/2017 11:50,63,64.8,83,59.8,146,61.9,2,0,0
12/15/2017 11:55,56,66,74,61.1,130,63.2,2,0,0
12/15/2017 12:00,53,66.5,71,61.6,124,63.7,2,0,0
12/15/2017 12:05,58,65.8,77,60.9,135,63,2,0,0
12/15/2017 12:10,61,66,80,61.1,141,63.2,2,0,0
12/15/2017 12:15,56,67.5,74,62.7,130,64.7,2,0,0
12/15/2017 12:20,58,67.5,77,62.8,135,64.8,2,0,0
12/15/2017 12:25,60,66.7,79,61.9,139,63.9,2,0,0
12/15/2017 12:30,60,67.6,79,62.9,139,64.9,2,0,0
12/15/2017 12:35,58,67.8,77,63.1,135,65.1,2,0,0
12/15/2017 12:40,59,66.5,78,61.7,137,63.7,2,0,0
12/15/2017 12:45,58,66.5,77,61.7,135,63.8,2,0,0
12/15/2017 12:50,70,65.8,90,60.9,160,63,2,0,0
12/15/2017 12:55,57,67.2,76,62.4,133,64.4,2,0,0
12/15/2017 13:00,56,67.8,75,63.1,131,65.1,2,0,0
12/15/2017 13:05,49,67.8,67,63.1,116,65.1,2,0,0
12/15/2017 13:10,53,67.2,70,62.4,123,64.5,2,0,0
12/15/2017 13:15,56,68.4,73,63.7,129,65.8,2,0,0
12/15/2017 13:20,51,68.6,69,63.9,120,65.9,2,0,0
12/15/2017 13:25,54,67.4,72,62.5,126,64.6,2,0,0
12/15/2017 13:30,47,67.8,66,63,113,65,2,0,0
12/15/2017 13:35,57,68.3,75,63.6,132,65.6,2,0,0
12/15/2017 13:40,54,67.3,72,62.5,126,64.6,2,0,0
12/15/2017 13:45,55,67.2,73,62.4,128,64.5,2,0,0
12/15/2017 13:50,57,67.8,76,63,133,65,2,0,0
12/15/2017 13:55,63,66.9,82,62.1,145,64.2,2,0,0
12/15/2017 14:00,54,65.8,72,60.9,126,63,2,0,0
12/15/2017 14:05,54,65.4,72,60.5,126,62.6,2,0,0
12/15/2017 14:10,52,65.5,71,60.6,123,62.7,2,0,0
12/15/2017 14:15,58,65.6,77,60.7,135,62.8,2,0,0
12/15/2017 14:20,55,66.7,73,61.9,128,64,2,0,0
12/15/2017 14:25,60,66.1,79,61.3,139,63.4,2,0,0
12/15/2017 14:30,48,65.2,66,60.3,114,62.3,2,0,0
12/15/2017 14:35,48,66.4,66,61.5,114,63.6,2,0,0
12/15/2017 14:40,55,66.4,74,61.5,129,63.6,2,0,0
12/15/2017 14:45,58,67.2,77,62.4,135,64.4,2,0,0
12/15/2017 14:50,56,67.7,73,62.9,129,65,2,0,0
12/15/2017 14:55,58,66.9,75,62.1,133,64.2,2,0,0
12/15/2017 15:00,60,66,79,61.2,139,63.3,2,0,0
12/15/2017 15:05,54,67.6,73,62.8,127,64.8,2,0,0
12/15/2017 15:10,64,68.3,83,63.7,147,65.7,2,0,0
12/15/2017 15:15,64,67.5,84,62.8,148,64.8,2,0,0
12/15/2017 15:20,64,67.1,83,62.4,147,64.5,2,0,0
12/15/2017 15:25,60,68.2,80,63.5,140,65.5,2,0,0
12/15/2017 15:30,72,67.8,91,63,163,65.1,2,0,0
12/15/2017 15:35,73,67.5,93,62.6,166,64.7,2,0,0
12/15/2017 15:40,72,67.5,91,62.7,163,64.8,2,0,0
12/15/2017 15:45,59,66.8,78,61.9,137,64,2,0,0
12/15/2017 15:50,68,65.9,87,60.9,155,63.1,2,0,0
12/15/2017 15:55,62,66.2,80,61.2,142,63.4,2,0,0
12/15/2017 16:00,58,67.5,77,62.8,135,64.8,2,0,0
12/15/2017 16:05,72,68,92,63.2,164,65.3,2,0,0
12/15/2017 16:10,65,68.1,84,63.4,149,65.4,2,0,0
12/15/2017 16:15,62,66.4,81,61.4,143,63.6,2,0,0
12/15/2017 16:20,58,67.4,77,62.6,135,64.6,2,0,0
12/15/2017 16:25,59,66.6,78,61.7,137,63.8,2,0,0
12/15/2017 16:30,66,67.6,86,62.8,152,64.9,2,0,0
12/15/2017 16:35,57,67.7,77,62.9,134,64.9,2,0,0
12/15/2017 16:40,73,67.7,93,62.8,166,64.9,2,0,0
12/15/2017 16:45,69,67.3,88,62.4,157,64.5,2,0,0
12/15/2017 16:50,58,64.1,77,58.9,135,61.2,2,0,0
12/15/2017 16:55,59,61.6,78,56.2,137,58.5,2,0,0
12/15/2017 17:00,57,63,75,57.9,132,60.1,2,0,0
12/15/2017 17:05,56,64.1,73,59.1,129,61.3,2,0,0
12/15/2017 17:10,51,61.8,70,56.3,121,58.6,2,0,0
12/15/2017 17:15,60,56.4,79,50.3,139,52.9,2,0,0
12/15/2017 17:20,40,52.1,57,45.5,97,48.2,2,0,0
12/15/2017 17:25,47,51,67,44.3,114,47.1,2,0,0
12/15/2017 17:30,50,56.1,69,49.9,119,52.5,2,0,0
12/15/2017 17:35,33,59.8,50,54.2,83,56.4,2,0,0
12/15/2017 17:40,51,62.3,69,56.9,120,59.2,2,0,0
12/15/2017 17:45,54,62.5,72,57.1,126,59.4,2,0,0
12/15/2017 17:50,46,63.1,64,57.8,110,60,2,0,0
12/15/2017 17:55,48,65.2,65,60.1,113,62.2,2,0,0
12/15/2017 18:00,57,65.3,74,60.2,131,62.4,2,0,0
12/15/2017 18:05,68,64.5,88,59.4,156,61.6,2,0,0
12/15/2017 18:10,63,64.9,82,59.8,145,62,2,0,0
12/15/2017 18:15,69,63.7,88,58.4,157,60.7,2,0,0
12/15/2017 18:20,52,62.9,71,57.6,123,59.9,2,0,0
12/15/2017 18:25,55,62.6,74,57.3,129,59.5,2,0,0
12/15/2017 18:30,48,63.8,66,58.6,114,60.8,2,0,0
12/15/2017 18:35,53,62.9,71,57.7,124,59.9,2,0,0
12/15/2017 18:40,60,64.7,79,59.6,139,61.8,2,0,0
12/15/2017 18:45,55,65.2,73,60.2,128,62.4,2,0,0
12/15/2017 18:50,60,65.3,79,60.3,139,62.5,2,0,0
12/15/2017 18:55,54,65.9,71,61,125,63.1,2,0,0
12/15/2017 19:00,48,66.9,65,62.1,113,64.2,2,0,0
12/15/2017 19:05,51,66.1,68,61.1,119,63.3,2,0,0
12/15/2017 19:10,52,66.4,70,61.4,122,63.5,2,0,0
12/15/2017 19:15,52,66,70,61.1,122,63.2,2,0,0
12/15/2017 19:20,46,67.5,64,62.7,110,64.7,2,0,0
12/15/2017 19:25,49,67.6,67,62.8,116,64.8,2,0,0
12/15/2017 19:30,50,68,68,63.2,118,65.2,2,0,0
12/15/2017 19:35,43,68,61,63.3,104,65.2,2,0,0
12/15/2017 19:40,47,68.4,64,63.6,111,65.6,2,0,0
12/15/2017 19:45,46,68.6,63,63.9,109,65.9,2,0,0
12/15/2017 19:50,41,68.1,58,63.3,99,65.3,2,0,0
12/15/2017 19:55,35,67.6,52,62.7,87,64.7,2,0,0
12/15/2017 20:00,32,68.4,48,63.6,80,65.5,2,0,0
12/15/2017 20:05,39,68.6,56,64,95,65.9,2,0,0
12/15/2017 20:10,38,68.2,55,63.4,93,65.4,2,0,0
12/15/2017 20:15,41,67.7,58,62.9,99,64.9,2,0,0
12/15/2017 20:20,37,68.1,54,63.4,91,65.3,2,0,0
12/15/2017 20:25,35,68.4,52,63.7,87,65.6,2,0,0
12/15/2017 20:30,40,68.6,56,63.9,96,65.9,2,0,0
12/15/2017 20:35,32,68.7,48,64,80,65.9,2,0,0
12/15/2017 20:40,46,68.4,64,63.7,110,65.6,2,0,0
12/15/2017 20:45,45,69,62,64.3,107,66.3,2,0,0
12/15/2017 20:50,40,67.9,58,63.1,98,65.1,2,0,0
12/15/2017 20:55,43,67.9,60,63.2,103,65.2,2,0,0
12/15/2017 21:00,36,68.4,52,63.7,88,65.6,2,0,0
12/15/2017 21:05,41,68.8,58,64.2,99,66.1,2,0,0
12/15/2017 21:10,35,68.9,51,64.3,86,66.2,2,0,0
12/15/2017 21:15,40,68.1,57,63.4,97,65.4,2,0,0
12/15/2017 21:20,34,68.9,51,64.2,85,66,2,0,0
12/15/2017 21:25,34,68.3,50,63.6,84,65.5,2,0,0
12/15/2017 21:30,31,68.5,47,63.8,78,65.6,2,0,0
12/15/2017 21:35,32,68.9,48,64.2,80,66.1,2,0,0
12/15/2017 21:40,41,68.1,59,63.4,100,65.4,2,0,0
12/15/2017 21:45,34,68.5,50,63.9,84,65.8,2,0,0
12/15/2017 21:50,33,69.2,50,64.6,83,66.5,2,0,0
12/15/2017 21:55,28,68.8,44,64.2,72,66,2,0,0
12/15/2017 22:00,29,69.4,45,64.8,74,66.6,2,0,0
12/15/2017 22:05,32,68.8,49,64.2,81,66,2,0,0
12/15/2017 22:10,31,69.5,47,64.9,78,66.7,2,0,0
12/15/2017 22:15,33,69.5,49,64.9,82,66.7,2,0,0
12/15/2017 22:20,38,69.6,54,65,92,66.9,2,0,0
12/15/2017 22:25,31,69.8,47,65.2,78,67,2,0,0
12/15/2017 22:30,33,69.3,49,64.7,82,66.5,2,0,0
12/15/2017 22:35,32,69.4,48,64.7,80,66.6,2,0,0
12/15/2017 22:40,34,68.9,51,64.2,85,66.1,2,0,0
12/15/2017 22:45,36,69,52,64.4,88,66.3,2,0,0
12/15/2017 22:50,34,69.3,51,64.7,85,66.5,2,0,0
12/15/2017 22:55,21,69.3,37,64.7,58,66.4,2,0,0
12/15/2017 23:00,31,69.6,47,65,78,66.8,2,0,0
12/15/2017 23:05,32,68.5,48,63.9,80,65.7,2,0,0
12/15/2017 23:10,27,68.8,43,64.2,70,66,2,0,0
12/15/2017 23:15,29,68.7,45,64,74,65.9,2,0,0
12/15/2017 23:20,23,68.9,39,64.2,62,65.9,2,0,0
12/15/2017 23:25,23,67.6,39,62.9,62,64.6,2,0,0
12/15/2017 23:30,25,68.7,41,64,66,65.8,2,0,0
12/15/2017 23:35,25,69.3,41,64.7,66,66.4,2,0,0
12/15/2017 23:40,20,69.5,35,64.9,55,66.6,2,0,0
12/15/2017 23:45,15,69.4,31,64.8,46,66.3,2,0,0
12/15/2017 23:50,23,69.3,39,64.7,62,66.4,2,0,0
12/15/2017 23:55,21,69.3,36,64.7,57,66.4,2,0,0
12/16/2017 0:00,21,69.3,36,64.7,57,66.4,2,0,0
12/16/2017 0:05,16,69.2,31,64.6,47,66.2,2,0,0
12/16/2017 0:10,16,69.3,31,64.7,47,66.3,2,0,0
12/16/2017 0:15,21,69.3,37,64.7,58,66.3,2,0,0
12/16/2017 0:20,20,68.8,35,64.2,55,65.9,2,0,0
12/16/2017 0:25,13,69.1,29,64.5,42,65.9,2,0,0
12/16/2017 0:30,15,68.9,31,64.3,46,65.8,2,0,0
12/16/2017 0:35,18,69.3,33,64.7,51,66.3,2,0,0
12/16/2017 0:40,18,69.2,33,64.5,51,66.2,2,0,0
12/16/2017 0:45,15,69.2,30,64.6,45,66.2,2,0,0
12/16/2017 0:50,14,69.3,29,64.7,43,66.2,2,0,0
12/16/2017 0:55,13,69.3,29,64.7,42,66.2,2,0,0
12/16/2017 1:00,14,69.5,30,64.9,44,66.3,2,0,0
12/16/2017 1:05,13,69.3,29,64.7,42,66.1,2,0,0
12/16/2017 1:10,15,69.2,31,64.6,46,66.1,2,0,0
12/16/2017 1:15,11,69.3,26,64.7,37,66,2,0,0
12/16/2017 1:20,10,69.3,25,64.7,35,66,2,0,0
12/16/2017 1:25,13,69.4,28,64.8,41,66.3,2,0,0
12/16/2017 1:30,10,69.3,25,64.7,35,66,2,0,0
12/16/2017 1:35,11,69,27,64.4,38,65.7,2,0,0
12/16/2017 1:40,11,69.2,26,64.6,37,66,2,0,0
12/16/2017 1:45,10,69.1,25,64.5,35,65.8,2,0,0
12/16/2017 1:50,8,69.1,23,64.5,31,65.7,2,0,0
12/16/2017 1:55,10,69.3,25,64.7,35,66,2,0,0
12/16/2017 2:00,8,69.3,23,64.7,31,65.8,2,0,0
12/16/2017 2:05,9,69.2,24,64.6,33,65.8,2,0,0
12/16/2017 2:10,11,69.2,27,64.6,38,66,2,0,0
12/16/2017 2:15,14,69.4,29,64.8,43,66.3,2,0,0
12/16/2017 2:20,11,69.3,27,64.7,38,66.1,2,0,0
12/16/2017 2:25,11,69.3,26,64.7,37,66.1,2,0,0
12/16/2017 2:30,11,69,26,64.4,37,65.8,2,0,0
12/16/2017 2:35,13,69.3,28,64.6,41,66.1,2,0,0
12/16/2017 2:40,15,69.2,30,64.6,45,66.1,2,0,0
12/16/2017 2:45,14,69.3,30,64.7,44,66.1,2,0,0
12/16/2017 2:50,9,69.4,25,64.8,34,66,2,0,0
12/16/2017 2:55,9,69.1,24,64.5,33,65.8,2,0,0
12/16/2017 3:00,8,69.3,23,64.7,31,65.9,2,0,0
12/16/2017 3:05,9,69.3,24,64.7,33,66,2,0,0
12/16/2017 3:10,10,69.2,26,64.5,36,65.8,2,0,0
12/16/2017 3:15,8,69.3,24,64.7,32,65.8,2,0,0
12/16/2017 3:20,10,69.2,25,64.6,35,65.9,2,0,0
12/16/2017 3:25,8,69.2,23,64.6,31,65.8,2,0,0
12/16/2017 3:30,11,69.1,27,64.5,38,65.8,2,0,0
12/16/2017 3:35,9,69.3,25,64.6,34,65.8,2,0,0
12/16/2017 3:40,9,69.2,24,64.6,33,65.9,2,0,0
12/16/2017 3:45,10,69.3,25,64.7,35,66.1,2,0,0
12/16/2017 3:50,11,69.4,26,64.8,37,66.2,2,0,0
12/16/2017 3:55,10,69.4,25,64.8,35,66.1,2,0,0
12/16/2017 4:00,11,69.4,27,64.8,38,66.1,2,0,0
12/16/2017 4:05,8,69.3,24,64.7,32,65.8,2,0,0
12/16/2017 4:10,12,69.4,26,64.8,38,66.2,2,0,0
12/16/2017 4:15,10,69.3,25,64.6,35,65.9,2,0,0
12/16/2017 4:20,16,69.2,31,64.6,47,66.2,2,0,0
12/16/2017 4:25,18,69.1,34,64.5,52,66.1,2,0,0
12/16/2017 4:30,16,69.3,31,64.7,47,66.3,2,0,0
12/16/2017 4:35,17,69.1,33,64.5,50,66,2,0,0
12/16/2017 4:40,15,69,30,64.3,45,65.9,2,0,0
12/16/2017 4:45,16,68.7,32,64,48,65.6,2,0,0
12/16/2017 4:50,17,68.1,32,63.4,49,65,2,0,0
12/16/2017 4:55,17,68.8,33,64.1,50,65.7,2,0,0
12/16/2017 5:00,21,68.7,36,64.1,57,65.8,2,0,0
12/16/2017 5:05,13,69,29,64.4,42,65.8,2,0,0
12/16/2017 5:10,20,69.3,36,64.7,56,66.4,2,0,0
12/16/2017 5:15,19,69,36,64.4,55,66,2,0,0
12/16/2017 5:20,23,69.3,39,64.7,62,66.4,2,0,0
12/16/2017 5:25,18,69.4,34,64.8,52,66.4,2,0,0
12/16/2017 5:30,25,67.7,42,63,67,64.7,2,0,0
12/16/2017 5:35,25,68.6,41,64,66,65.8,2,0,0
12/16/2017 5:40,18,69.1,34,64.5,52,66.1,2,0,0
12/16/2017 5:45,29,69.4,46,64.8,75,66.6,2,0,0
12/16/2017 5:50,24,69.4,41,64.8,65,66.5,2,0,0
12/16/2017 5:55,27,68.9,44,64.2,71,66,2,0,0
12/16/2017 6:00,23,68.6,39,63.9,62,65.6,2,0,0
12/16/2017 6:05,29,69.1,45,64.5,74,66.3,2,0,0
12/16/2017 6:10,28,69.4,44,64.8,72,66.6,2,0,0
12/16/2017 6:15,34,69.3,51,64.7,85,66.5,2,0,0
12/16/2017 6:20,29,69.2,46,64.6,75,66.4,2,0,0
12/16/2017 6:25,26,69,43,64.4,69,66.1,2,0,0
12/16/2017 6:30,24,69.1,41,64.5,65,66.2,2,0,0
12/16/2017 6:35,29,68.9,45,64.2,74,66.1,2,0,0
12/16/2017 6:40,33,69,50,64.3,83,66.2,2,0,0
12/16/2017 6:45,33,68.8,49,64.1,82,66,2,0,0
12/16/2017 6:50,35,69.6,53,65.1,88,66.9,2,0,0
12/16/2017 6:55,26,68.8,42,64.2,68,65.9,2,0,0
12/16/2017 7:00,33,68.6,50,64,83,65.9,2,0,0
12/16/2017 7:05,30,68.3,47,63.7,77,65.5,2,0,0
12/16/2017 7:10,29,68.9,47,64.3,76,66,2,0,0
12/16/2017 7:15,35,69,52,64.4,87,66.2,2,0,0
12/16/2017 7:20,35,69.2,52,64.7,87,66.5,2,0,0
12/16/2017 7:25,36,69.1,54,64.5,90,66.3,2,0,0
12/16/2017 7:30,38,69.5,54,64.9,92,66.8,2,0,0
12/16/2017 7:35,35,69.8,51,65.2,86,67,2,0,0
12/16/2017 7:40,49,69.7,67,65.2,116,67.1,2,0,0
12/16/2017 7:45,41,68.6,59,63.9,100,65.8,2,0,0
12/16/2017 7:50,40,69.2,58,64.6,98,66.5,2,0,0
12/16/2017 7:55,47,69.6,64,65,111,67,2,0,0
12/16/2017 8:00,48,69.1,66,64.5,114,66.5,2,0,0
12/16/2017 8:05,36,69.5,53,65,89,66.8,2,0,0
12/16/2017 8:10,36,69.6,53,65,89,66.9,2,0,0
12/16/2017 8:15,43,69.8,60,65.2,103,67.1,2,0,0
12/16/2017 8:20,41,69.4,58,64.8,99,66.7,2,0,0
12/16/2017 8:25,37,70,53,65.4,90,67.3,2,0,0
12/16/2017 8:30,35,69.8,52,65.2,87,67.1,2,0,0
12/16/2017 8:35,42,69.1,59,64.5,101,66.4,2,0,0
12/16/2017 8:40,54,68.8,72,64.1,126,66.1,2,0,0
12/16/2017 8:45,51,68.8,69,64.1,120,66.1,2,0,0
12/16/2017 8:50,48,69,66,64.4,114,66.3,2,0,0
12/16/2017 8:55,49,68.8,68,64.1,117,66.1,2,0,0
12/16/2017 9:00,46,67.7,64,62.8,110,64.9,2,0,0
12/16/2017 9:05,47,68.4,64,63.7,111,65.7,2,0,0
12/16/2017 9:10,50,69.3,68,64.6,118,66.6,2,0,0
12/16/2017 9:15,49,68.2,67,63.5,116,65.4,2,0,0
12/16/2017 9:20,43,69.4,61,64.8,104,66.7,2,0,0
12/16/2017 9:25,61,69.7,80,65.1,141,67.1,2,0,0
12/16/2017 9:30,55,69.7,73,65.1,128,67.1,2,0,0
12/16/2017 9:35,53,68.8,71,64.1,124,66.1,2,0,0
12/16/2017 9:40,59,68.8,78,64.1,137,66.1,2,0,0
12/16/2017 9:45,62,68.2,80,63.5,142,65.5,2,0,0
12/16/2017 9:50,68,66.8,87,61.9,155,64.1,2,0,0
12/16/2017 9:55,64,67.2,84,62.4,148,64.5,2,0,0
12/16/2017 10:00,58,68.3,77,63.7,135,65.7,2,0,0
12/16/2017 10:05,71,68.8,90,64.1,161,66.2,2,0,0
12/16/2017 10:10,66,68.4,84,63.7,150,65.8,2,0,0
12/16/2017 10:15,59,68.7,78,64.1,137,66.1,2,0,0
12/16/2017 10:20,76,68.2,96,63.4,172,65.5,2,0,0
12/16/2017 10:25,59,68.4,78,63.6,137,65.7,2,0,0
12/16/2017 10:30,61,67.7,80,62.9,141,65,2,0,0
12/16/2017 10:35,69,68,89,63.3,158,65.3,2,0,0
12/16/2017 10:40,64,67.6,84,62.8,148,64.9,2,0,0
12/16/2017 10:45,67,68.2,87,63.4,154,65.5,2,0,0
12/16/2017 10:50,72,69.1,91,64.5,163,66.5,2,0,0
12/16/2017 10:55,70,68.7,90,64,160,66,2,0,0
12/16/2017 11:00,57,68.3,76,63.6,133,65.6,2,0,0
12/16/2017 11:05,70,67.4,91,62.7,161,64.7,2,0,0
12/16/2017 11:10,62,67.6,81,62.9,143,64.9,2,0,0
12/16/2017 11:15,71,67.5,91,62.8,162,64.9,2,0,0
12/16/2017 11:20,67,66.7,87,61.9,154,64,2,0,0
12/16/2017 11:25,74,68,95,63.3,169,65.3,2,0,0
12/16/2017 11:30,67,68,87,63.3,154,65.3,2,0,0
12/16/2017 11:35,73,68.9,93,64.3,166,66.3,2,0,0
12/16/2017 11:40,69,69,89,64.4,158,66.4,2,0,0
12/16/2017 11:45,67,69,87,64.4,154,66.4,2,0,0
12/16/2017 11:50,77,69.3,98,64.7,175,66.7,2,0,0
12/16/2017 11:55,80,69.2,100,64.6,180,66.7,2,0,0
12/16/2017 12:00,75,68.1,96,63.4,171,65.5,2,0,0
12/16/2017 12:05,58,68.8,76,64.2,134,66.2,2,0,0
12/16/2017 12:10,64,68.2,83,63.5,147,65.5,2,0,0
12/16/2017 12:15,69,68,88,63.3,157,65.3,2,0,0
12/16/2017 12:20,80,68.1,101,63.4,181,65.5,2,0,0
12/16/2017 12:25,81,68.1,102,63.4,183,65.5,2,0,0
12/16/2017 12:30,63,68.3,82,63.7,145,65.7,2,0,0
12/16/2017 12:35,74,67.4,93,62.5,167,64.7,2,0,0
12/16/2017 12:40,73,67.8,93,63,166,65.1,2,0,0
12/16/2017 12:45,73,68.1,93,63.3,166,65.4,2,0,0
12/16/2017 12:50,70,68.4,89,63.6,159,65.7,2,0,0
12/16/2017 12:55,60,68.6,79,63.9,139,65.9,2,0,0
12/16/2017 13:00,70,68.4,89,63.7,159,65.8,2,0,0
12/16/2017 13:05,58,68.8,76,64.1,134,66.1,2,0,0
12/16/2017 13:10,66,67.9,85,63.1,151,65.2,2,0,0
12/16/2017 13:15,59,67.8,77,63.2,136,65.2,2,0,0
12/16/2017 13:20,57,67.6,75,62.9,132,64.9,2,0,0
12/16/2017 13:25,61,68.1,81,63.4,142,65.5,2,0,0
12/16/2017 13:30,60,68.4,78,63.6,138,65.7,2,0,0
12/16/2017 13:35,66,67.7,85,62.9,151,65,2,0,0
12/16/2017 13:40,61,68.6,80,63.9,141,66,2,0,0
12/16/2017 13:45,67,67.7,87,62.9,154,65,2,0,0
12/16/2017 13:50,70,68,89,63.2,159,65.3,2,0,0
12/16/2017 13:55,51,69,68,64.3,119,66.3,2,0,0
12/16/2017 14:00,56,68.6,76,63.8,132,65.8,2,0,0
12/16/2017 14:05,59,68,78,63.3,137,65.3,2,0,0
12/16/2017 14:10,65,68,83,63.2,148,65.3,2,0,0
12/16/2017 14:15,60,68.2,78,63.4,138,65.4,2,0,0
12/16/2017 14:20,64,67.7,84,62.8,148,64.9,2,0,0
12/16/2017 14:25,65,68,84,63.2,149,65.3,2,0,0
12/16/2017 14:30,75,68.4,95,63.6,170,65.7,2,0,0
12/16/2017 14:35,56,68.4,74,63.7,130,65.7,2,0,0
12/16/2017 14:40,70,68,89,63.2,159,65.3,2,0,0
12/16/2017 14:45,66,68.4,85,63.7,151,65.8,2,0,0
12/16/2017 14:50,60,68.6,80,63.8,140,65.9,2,0,0
12/16/2017 14:55,63,69.2,82,64.7,145,66.6,2,0,0
12/16/2017 15:00,71,69,89,64.4,160,66.4,2,0,0
12/16/2017 15:05,57,68.2,75,63.4,132,65.5,2,0,0
12/16/2017 15:10,62,68,80,63.3,142,65.3,2,0,0
12/16/2017 15:15,66,67.9,85,63.1,151,65.2,2,0,0
12/16/2017 15:20,58,67.5,76,62.7,134,64.8,2,0,0
12/16/2017 15:25,58,68.4,77,63.7,135,65.7,2,0,0
12/16/2017 15:30,63,67.1,82,62.2,145,64.3,2,0,0
12/16/2017 15:35,66,66.9,85,62,151,64.2,2,0,0
12/16/2017 15:40,67,66.2,85,61.2,152,63.4,2,0,0
12/16/2017 15:45,60,66.2,77,61.2,137,63.4,2,0,0
12/16/2017 15:50,62,66.3,82,61.4,144,63.5,2,0,0
12/16/2017 15:55,56,66,75,61,131,63.2,2,0,0
12/16/2017 16:00,61,67.5,80,62.7,141,64.8,2,0,0
12/16/2017 16:05,59,68.2,77,63.5,136,65.5,2,0,0
12/16/2017 16:10,62,67.6,80,62.9,142,65,2,0,0
12/16/2017 16:15,57,67.7,75,63,132,65,2,0,0
12/16/2017 16:20,59,67.5,77,62.7,136,64.8,2,0,0
12/16/2017 16:25,60,67.8,80,63,140,65.1,2,0,0
12/16/2017 16:30,58,67,77,62.2,135,64.2,2,0,0
12/16/2017 16:35,68,67.2,86,62.4,154,64.5,2,0,0
12/16/2017 16:40,69,67.4,88,62.7,157,64.8,2,0,0
12/16/2017 16:45,63,67.8,82,63.1,145,65.1,2,0,0
12/16/2017 16:50,73,67.3,94,62.4,167,64.6,2,0,0
12/16/2017 16:55,78,67.2,98,62.4,176,64.6,2,0,0
12/16/2017 17:00,70,67.6,90,62.8,160,64.9,2,0,0
12/16/2017 17:05,69,67.7,89,62.9,158,65,2,0,0
12/16/2017 17:10,68,67.8,87,63.1,155,65.1,2,0,0
12/16/2017 17:15,73,68.1,92,63.4,165,65.4,2,0,0
12/16/2017 17:20,65,66.7,84,61.8,149,63.9,2,0,0
12/16/2017 17:25,70,66.8,89,61.9,159,64.1,2,0,0
12/16/2017 17:30,73,66.4,93,61.5,166,63.6,2,0,0
12/16/2017 17:35,69,65.8,88,60.7,157,62.9,2,0,0
12/16/2017 17:40,67,66.1,88,61.1,155,63.3,2,0,0
12/16/2017 17:45,62,65.9,81,60.9,143,63,2,0,0
12/16/2017 17:50,67,66.5,87,61.6,154,63.7,2,0,0
12/16/2017 17:55,68,66.2,88,61.3,156,63.4,2,0,0
12/16/2017 18:00,54,68,72,63.3,126,65.3,2,0,0
12/16/2017 18:05,60,68,79,63.3,139,65.3,2,0,0
12/16/2017 18:10,65,67.5,84,62.8,149,64.8,2,0,0
12/16/2017 18:15,61,67.4,81,62.7,142,64.7,2,0,0
12/16/2017 18:20,61,68.2,80,63.5,141,65.5,2,0,0
12/16/2017 18:25,61,68.8,80,64.2,141,66.2,2,0,0
12/16/2017 18:30,63,69.6,81,65.1,144,67.1,2,0,0
12/16/2017 18:35,59,69.5,78,65,137,67,2,0,0
12/16/2017 18:40,60,69.6,80,65.1,140,67,2,0,0
12/16/2017 18:45,62,68.7,79,64.1,141,66.1,2,0,0
12/16/2017 18:50,68,68.3,86,63.6,154,65.7,2,0,0
12/16/2017 18:55,52,68.5,70,63.9,122,65.9,2,0,0
12/16/2017 19:00,55,67.6,72,62.8,127,64.9,2,0,0
12/16/2017 19:05,59,68.1,77,63.3,136,65.4,2,0,0
12/16/2017 19:10,70,68.6,89,63.9,159,66,2,0,0
12/16/2017 19:15,58,67.6,77,62.9,135,64.9,2,0,0
12/16/2017 19:20,64,68.1,82,63.4,146,65.5,2,0,0
12/16/2017 19:25,57,67.8,75,63.1,132,65.1,2,0,0
12/16/2017 19:30,55,68.6,73,63.9,128,65.9,2,0,0
12/16/2017 19:35,75,68.1,95,63.4,170,65.5,2,0,0
12/16/2017 19:40,59,68.6,76,64,135,66,2,0,0
12/16/2017 19:45,52,68.9,70,64.2,122,66.2,2,0,0
12/16/2017 19:50,53,68.4,70,63.7,123,65.7,2,0,0
12/16/2017 19:55,48,69.1,66,64.5,114,66.4,2,0,0
12/16/2017 20:00,45,69,63,64.3,108,66.3,2,0,0
12/16/2017 20:05,51,68.9,69,64.2,120,66.2,2,0,0
12/16/2017 20:10,55,69,72,64.3,127,66.3,2,0,0
12/16/2017 20:15,43,69,59,64.3,102,66.3,2,0,0
12/16/2017 20:20,38,67.8,54,63.2,92,65.1,2,0,0
12/16/2017 20:25,40,68.4,57,63.7,97,65.7,2,0,0
12/16/2017 20:30,37,68.6,54,63.9,91,65.8,2,0,0
12/16/2017 20:35,40,68.8,58,64.1,98,66,2,0,0
12/16/2017 20:40,39,68.8,56,64.2,95,66.1,2,0,0
12/16/2017 20:45,44,68.8,62,64.1,106,66,2,0,0
12/16/2017 20:50,39,69.3,55,64.7,94,66.6,2,0,0
12/16/2017 20:55,37,69.7,55,65.2,92,67,2,0,0
12/16/2017 21:00,35,69.7,51,65.1,86,67,2,0,0
12/16/2017 21:05,38,69.6,55,65.1,93,66.9,2,0,0
12/16/2017 21:10,32,69.6,48,65,80,66.9,2,0,0
12/16/2017 21:15,38,68.1,55,63.3,93,65.3,2,0,0
12/16/2017 21:20,41,68.4,57,63.7,98,65.7,2,0,0
12/16/2017 21:25,41,67.7,58,62.9,99,64.9,2,0,0
12/16/2017 21:30,38,68.1,55,63.3,93,65.3,2,0,0
12/16/2017 21:35,39,69,55,64.4,94,66.3,2,0,0
12/16/2017 21:40,40,69.6,56,65,96,67,2,0,0
12/16/2017 21:45,36,69.3,53,64.7,89,66.6,2,0,0
12/16/2017 21:50,35,69.4,52,64.8,87,66.6,2,0,0
12/16/2017 21:55,39,69.2,56,64.6,95,66.5,2,0,0
12/16/2017 22:00,33,69.3,49,64.7,82,66.5,2,0,0
12/16/2017 22:05,31,68.4,47,63.7,78,65.6,2,0,0
12/16/2017 22:10,35,68.2,51,63.6,86,65.5,2,0,0
12/16/2017 22:15,34,68.6,51,63.9,85,65.8,2,0,0
12/16/2017 22:20,38,68.2,55,63.4,93,65.4,2,0,0
12/16/2017 22:25,41,68.1,58,63.3,99,65.3,2,0,0
12/16/2017 22:30,35,68.4,51,63.7,86,65.6,2,0,0
12/16/2017 22:35,34,68.8,51,64.1,85,66,2,0,0
12/16/2017 22:40,34,68.7,51,64,85,65.8,2,0,0
12/16/2017 22:45,30,68.9,47,64.2,77,66,2,0,0
12/16/2017 22:50,29,69,45,64.3,74,66.2,2,0,0
12/16/2017 22:55,29,69,45,64.4,74,66.2,2,0,0
12/16/2017 23:00,24,69.3,39,64.7,63,66.5,2,0,0
12/16/2017 23:05,28,69.1,44,64.5,72,66.3,2,0,0
12/16/2017 23:10,22,69,38,64.3,60,66,2,0,0
12/16/2017 23:15,27,69.2,42,64.6,69,66.4,2,0,0
12/16/2017 23:20,24,69.4,40,64.8,64,66.5,2,0,0
12/16/2017 23:25,23,69.1,38,64.4,61,66.2,2,0,0
12/16/2017 23:30,24,69.1,40,64.5,64,66.2,2,0,0
12/16/2017 23:35,25,69.1,41,64.5,66,66.3,2,0,0
12/16/2017 23:40,28,69,44,64.4,72,66.2,2,0,0
12/16/2017 23:45,21,69.3,37,64.7,58,66.4,2,0,0
12/16/2017 23:50,21,69.5,36,64.9,57,66.6,2,0,0
12/16/2017 23:55,19,69.5,34,64.9,53,66.6,2,0,0
12/17/2017 0:00,23,69.3,38,64.7,61,66.5,2,0,0
12/17/2017 0:05,18,69.1,33,64.5,51,66.1,2,0,0
12/17/2017 0:10,22,68.8,37,64.1,59,65.9,2,0,0
12/17/2017 0:15,21,69.1,36,64.5,57,66.2,2,0,0
12/17/2017 0:20,16,69.2,31,64.6,47,66.2,2,0,0
12/17/2017 0:25,13,69.2,29,64.6,42,66,2,0,0
12/17/2017 0:30,14,69.2,30,64.6,44,66.1,2,0,0
12/17/2017 0:35,15,69.2,30,64.6,45,66.2,2,0,0
12/17/2017 0:40,16,69.3,31,64.7,47,66.2,2,0,0
12/17/2017 0:45,14,69.4,29,64.8,43,66.3,2,0,0
12/17/2017 0:50,17,69.2,32,64.6,49,66.2,2,0,0
12/17/2017 0:55,16,69.4,31,64.8,47,66.4,2,0,0
12/17/2017 1:00,17,69.5,32,64.9,49,66.5,2,0,0
12/17/2017 1:05,13,69.4,29,64.8,42,66.2,2,0,0
12/17/2017 1:10,11,69.2,27,64.6,38,65.9,2,0,0
12/17/2017 1:15,11,69.3,26,64.7,37,66.1,2,0,0
12/17/2017 1:20,12,69.3,27,64.7,39,66.1,2,0,0
12/17/2017 1:25,10,69.1,25,64.5,35,65.8,2,0,0
12/17/2017 1:30,12,69.1,27,64.4,39,65.9,2,0,0
12/17/2017 1:35,9,69.1,24,64.5,33,65.8,2,0,0
12/17/2017 1:40,9,69.2,24,64.6,33,65.9,2,0,0
12/17/2017 1:45,11,69.2,26,64.5,37,65.9,2,0,0
12/17/2017 1:50,10,69.2,25,64.5,35,65.9,2,0,0
12/17/2017 1:55,8,69.2,24,64.6,32,65.8,2,0,0
12/17/2017 2:00,12,69.3,27,64.7,39,66.1,2,0,0
12/17/2017 2:05,11,69.2,26,64.6,37,66,2,0,0
12/17/2017 2:10,11,69.3,27,64.7,38,66.1,2,0,0
12/17/2017 2:15,9,69.3,24,64.7,33,66,2,0,0
12/17/2017 2:20,11,69.3,26,64.7,37,66,2,0,0
12/17/2017 2:25,11,69.1,26,64.5,37,65.9,2,0,0
12/17/2017 2:30,11,69.2,26,64.6,37,66,2,0,0
12/17/2017 2:35,7,69.3,22,64.7,29,65.8,2,0,0
12/17/2017 2:40,10,69.3,25,64.7,35,66,2,0,0
12/17/2017 2:45,8,69.3,24,64.7,32,65.9,2,0,0
12/17/2017 2:50,6,69.3,21,64.7,27,65.7,2,0,0
12/17/2017 2:55,7,69.2,22,64.6,29,65.7,2,0,0
12/17/2017 3:00,9,69.2,24,64.6,33,65.9,2,0,0
12/17/2017 3:05,10,69.3,25,64.7,35,66,2,0,0
12/17/2017 3:10,6,69.3,21,64.7,27,65.7,2,0,0
12/17/2017 3:15,8,69.3,24,64.7,32,65.8,2,0,0
12/17/2017 3:20,6,69.3,21,64.7,27,65.7,2,0,0
12/17/2017 3:25,9,69.3,24,64.7,33,66,2,0,0
12/17/2017 3:30,6,69.3,21,64.7,27,65.8,2,0,0
12/17/2017 3:35,8,69.4,24,64.8,32,65.9,2,0,0
12/17/2017 3:40,6,69.3,21,64.7,27,65.8,2,0,0
12/17/2017 3:45,6,69.4,21,64.8,27,65.8,2,0,0
12/17/2017 3:50,5,69.3,20,64.7,25,65.7,2,0,0
12/17/2017 3:55,8,69.2,24,64.6,32,65.8,2,0,0
12/17/2017 4:00,6,69.3,22,64.7,28,65.7,2,0,0
12/17/2017 4:05,8,69.3,23,64.7,31,65.9,2,0,0
12/17/2017 4:10,9,69.3,24,64.7,33,65.9,2,0,0
12/17/2017 4:15,10,69.2,25,64.6,35,65.9,2,0,0
12/17/2017 4:20,10,69.3,25,64.7,35,66,2,0,0
12/17/2017 4:25,8,69.3,23,64.7,31,65.9,2,0,0
12/17/2017 4:30,10,69.4,26,64.8,36,66,2,0,0
12/17/2017 4:35,13,69.3,29,64.7,42,66.1,2,0,0
12/17/2017 4:40,11,69.2,27,64.6,38,66,2,0,0
12/17/2017 4:45,16,69.4,31,64.8,47,66.4,2,0,0
12/17/2017 4:50,17,69.4,32,64.8,49,66.4,2,0,0
12/17/2017 4:55,15,69.4,30,64.8,45,66.3,2,0,0
12/17/2017 5:00,14,69,30,64.4,44,65.9,2,0,0
12/17/2017 5:05,13,68.9,29,64.2,42,65.7,2,0,0
12/17/2017 5:10,14,69.3,30,64.7,44,66.1,2,0,0
12/17/2017 5:15,11,69.4,26,64.8,37,66.1,2,0,0
12/17/2017 5:20,17,69.4,32,64.8,49,66.4,2,0,0
12/17/2017 5:25,19,69,35,64.4,54,66,2,0,0
12/17/2017 5:30,11,69.2,26,64.6,37,66,2,0,0
12/17/2017 5:35,19,69.2,34,64.6,53,66.2,2,0,0
12/17/2017 5:40,14,69.3,30,64.7,44,66.1,2,0,0
12/17/2017 5:45,16,69.4,31,64.8,47,66.4,2,0,0
12/17/2017 5:50,16,69.4,32,64.8,48,66.3,2,0,0
12/17/2017 5:55,14,69.3,29,64.7,43,66.2,2,0,0
12/17/2017 6:00,13,69.2,29,64.6,42,66,2,0,0
12/17/2017 6:05,13,69.1,29,64.5,42,65.9,2,0,0
12/17/2017 6:10,19,69.1,34,64.5,53,66.1,2,0,0
12/17/2017 6:15,14,69.1,30,64.5,44,66,2,0,0
12/17/2017 6:20,15,69.2,31,64.5,46,66.1,2,0,0
12/17/2017 6:25,16,69,32,64.4,48,65.9,2,0,0
12/17/2017 6:30,16,69.2,32,64.5,48,66.1,2,0,0
12/17/2017 6:35,19,69.4,35,64.8,54,66.4,2,0,0
12/17/2017 6:40,14,69.2,30,64.6,44,66.1,2,0,0
12/17/2017 6:45,19,69.1,35,64.5,54,66.1,2,0,0
12/17/2017 6:50,24,69,39,64.4,63,66.2,2,0,0
12/17/2017 6:55,17,69,34,64.3,51,65.9,2,0,0
12/17/2017 7:00,17,69.1,32,64.4,49,66,2,0,0
12/17/2017 7:05,22,69.2,38,64.5,60,66.2,2,0,0
12/17/2017 7:10,17,69.2,33,64.6,50,66.2,2,0,0
12/17/2017 7:15,23,69.2,40,64.5,63,66.2,2,0,0
12/17/2017 7:20,26,69.4,42,64.8,68,66.6,2,0,0
12/17/2017 7:25,20,69.3,36,64.7,56,66.3,2,0,0
12/17/2017 7:30,24,69.5,40,64.9,64,66.6,2,0,0
12/17/2017 7:35,23,69.4,40,64.8,63,66.5,2,0,0
12/17/2017 7:40,34,69.6,50,65,84,66.8,2,0,0
12/17/2017 7:45,30,69.2,46,64.6,76,66.4,2,0,0
12/17/2017 7:50,29,69.3,45,64.7,74,66.5,2,0,0
12/17/2017 7:55,30,69,46,64.4,76,66.2,2,0,0
12/17/2017 8:00,34,69.2,51,64.6,85,66.5,2,0,0
12/17/2017 8:05,29,69.1,46,64.5,75,66.3,2,0,0
12/17/2017 8:10,28,69.3,44,64.7,72,66.5,2,0,0
12/17/2017 8:15,34,69,51,64.4,85,66.2,2,0,0
12/17/2017 8:20,38,69,54,64.4,92,66.3,2,0,0
12/17/2017 8:25,37,68.9,53,64.3,90,66.2,2,0,0
12/17/2017 8:30,32,68.9,47,64.3,79,66.2,2,0,0
12/17/2017 8:35,41,69,58,64.4,99,66.3,2,0,0
12/17/2017 8:40,41,68,58,63.3,99,65.2,2,0,0
12/17/2017 8:45,34,68.6,50,63.9,84,65.8,2,0,0
12/17/2017 8:50,43,68.9,60,64.2,103,66.2,2,0,0
12/17/2017 8:55,38,68.3,56,63.6,94,65.5,2,0,0
12/17/2017 9:00,30,68.7,46,64.1,76,65.9,2,0,0
12/17/2017 9:05,31,68.9,47,64.2,78,66.1,2,0,0
12/17/2017 9:10,28,69.3,45,64.6,73,66.4,2,0,0
12/17/2017 9:15,33,69.2,49,64.6,82,66.4,2,0,0
12/17/2017 9:20,49,68.4,67,63.7,116,65.7,2,0,0
12/17/2017 9:25,46,68.7,64,63.9,110,65.9,2,0,0
12/17/2017 9:30,45,68.6,62,63.9,107,65.9,2,0,0
12/17/2017 9:35,42,68.3,59,63.6,101,65.5,2,0,0
12/17/2017 9:40,47,69,65,64.4,112,66.3,2,0,0
12/17/2017 9:45,42,69.5,60,65,102,66.9,2,0,0
12/17/2017 9:50,53,69.7,70,65.1,123,67.1,2,0,0
12/17/2017 9:55,46,69,64,64.4,110,66.3,2,0,0
12/17/2017 10:00,49,69,66,64.3,115,66.3,2,0,0
12/17/2017 10:05,47,68.9,66,64.2,113,66.1,2,0,0
12/17/2017 10:10,54,69.1,73,64.4,127,66.4,2,0,0
12/17/2017 10:15,58,68.7,76,64,134,66,2,0,0
12/17/2017 10:20,48,68.5,65,63.9,113,65.9,2,0,0
12/17/2017 10:25,56,68.2,75,63.5,131,65.5,2,0,0
12/17/2017 10:30,59,68.8,77,64.1,136,66.1,2,0,0
12/17/2017 10:35,66,69.1,85,64.5,151,66.5,2,0,0
12/17/2017 10:40,56,69.3,75,64.8,131,66.7,2,0,0
12/17/2017 10:45,58,69.5,76,65,134,66.9,2,0,0
12/17/2017 10:50,58,69.8,77,65.3,135,67.2,2,0,0
12/17/2017 10:55,65,69.3,84,64.7,149,66.7,2,0,0
12/17/2017 11:00,61,69.8,79,65.2,140,67.2,2,0,0
12/17/2017 11:05,59,70.1,77,65.6,136,67.6,2,0,0
12/17/2017 11:10,70,69.4,89,64.8,159,66.9,2,0,0
12/17/2017 11:15,60,69.2,79,64.6,139,66.6,2,0,0
12/17/2017 11:20,68,69.4,87,64.9,155,66.9,2,0,0
12/17/2017 11:25,67,68.9,87,64.3,154,66.3,2,0,0
12/17/2017 11:30,61,69.2,79,64.6,140,66.6,2,0,0
12/17/2017 11:35,69,68.8,88,64.2,157,66.3,2,0,0
12/17/2017 11:40,72,69.7,92,65.1,164,67.1,2,0,0
12/17/2017 11:45,65,70.1,84,65.5,149,67.5,2,0,0
12/17/2017 11:50,61,69.8,80,65.2,141,67.2,2,0,0
12/17/2017 11:55,73,68.8,93,64.1,166,66.2,2,0,0
12/17/2017 12:00,57,69.1,76,64.4,133,66.4,2,0,0
12/17/2017 12:05,65,69.5,84,64.9,149,66.9,2,0,0
12/17/2017 12:10,61,69.3,80,64.7,141,66.7,2,0,0
12/17/2017 12:15,67,68.8,86,64.1,153,66.1,2,0,0
12/17/2017 12:20,69,68.7,88,63.9,157,66,2,0,0
12/17/2017 12:25,64,69,83,64.3,147,66.3,2,0,0
12/17/2017 12:30,71,69.3,90,64.7,161,66.7,2,0,0
12/17/2017 12:35,67,69.3,87,64.7,154,66.7,2,0,0
12/17/2017 12:40,65,69,85,64.3,150,66.3,2,0,0
12/17/2017 12:45,62,69.6,80,65,142,67,2,0,0
12/17/2017 12:50,69,69.1,88,64.4,157,66.5,2,0,0
12/17/2017 12:55,67,68.9,87,64.3,154,66.3,2,0,0
12/17/2017 13:00,65,68.2,85,63.5,150,65.5,2,0,0
12/17/2017 13:05,60,68.9,79,64.2,139,66.2,2,0,0
12/17/2017 13:10,68,68.4,88,63.7,156,65.7,2,0,0
12/17/2017 13:15,69,67.7,89,63,158,65.1,2,0,0
12/17/2017 13:20,50,68.5,67,63.9,117,65.8,2,0,0
12/17/2017 13:25,65,68.5,85,63.9,150,65.9,2,0,0
12/17/2017 13:30,68,67.7,89,63,157,65,2,0,0
12/17/2017 13:35,70,68.3,89,63.6,159,65.7,2,0,0
12/17/2017 13:40,73,67.8,93,63,166,65.1,2,0,0
12/17/2017 13:45,68,67.9,87,63.1,155,65.2,2,0,0
12/17/2017 13:50,62,69.2,81,64.6,143,66.6,2,0,0
12/17/2017 13:55,54,69.5,72,65,126,66.9,2,0,0
12/17/2017 14:00,59,68.8,79,64.2,138,66.1,2,0,0
12/17/2017 14:05,59,69.4,79,64.9,138,66.8,2,0,0
12/17/2017 14:10,50,68,68,63.3,118,65.3,2,0,0
12/17/2017 14:15,64,67.7,83,63,147,65,2,0,0
12/17/2017 14:20,62,67.8,81,63,143,65.1,2,0,0
12/17/2017 14:25,67,68.5,87,63.8,154,65.8,2,0,0
12/17/2017 14:30,65,69.1,83,64.4,148,66.5,2,0,0
12/17/2017 14:35,77,68.3,98,63.6,175,65.6,2,0,0
12/17/2017 14:40,56,68.5,74,63.9,130,65.9,2,0,0
12/17/2017 14:45,54,68.8,72,64.2,126,66.2,2,0,0
12/17/2017 14:50,65,69,84,64.4,149,66.4,2,0,0
12/17/2017 14:55,54,69.4,72,64.8,126,66.7,2,0,0
12/17/2017 15:00,48,69.5,66,65,114,66.9,2,0,0
12/17/2017 15:05,43,70,60,65.4,103,67.3,2,0,0
12/17/2017 15:10,56,69.9,75,65.3,131,67.3,2,0,0
12/17/2017 15:15,56,69.5,74,64.9,130,66.8,2,0,0
12/17/2017 15:20,60,68.7,79,64,139,66,2,0,0
12/17/2017 15:25,63,69.2,82,64.6,145,66.6,2,0,0
12/17/2017 15:30,62,68.5,81,63.8,143,65.8,2,0,0
12/17/2017 15:35,66,68.2,86,63.4,152,65.5,2,0,0
12/17/2017 15:40,59,68.3,77,63.6,136,65.6,2,0,0
12/17/2017 15:45,62,68,81,63.2,143,65.3,2,0,0
12/17/2017 15:50,63,68.9,82,64.2,145,66.2,2,0,0
12/17/2017 15:55,59,69.3,78,64.7,137,66.7,2,0,0
12/17/2017 16:00,61,68.4,80,63.7,141,65.7,2,0,0
12/17/2017 16:05,61,68,80,63.2,141,65.3,2,0,0
12/17/2017 16:10,64,68,84,63.2,148,65.3,2,0,0
12/17/2017 16:15,72,68.3,92,63.6,164,65.7,2,0,0
12/17/2017 16:20,54,68.1,73,63.4,127,65.4,2,0,0
12/17/2017 16:25,62,68.3,81,63.5,143,65.6,2,0,0
12/17/2017 16:30,56,69.1,74,64.5,130,66.5,2,0,0
12/17/2017 16:35,63,68.8,82,64.1,145,66.1,2,0,0
12/17/2017 16:40,67,69,87,64.4,154,66.4,2,0,0
12/17/2017 16:45,66,68.6,85,63.9,151,66,2,0,0
12/17/2017 16:50,62,68.8,80,64.2,142,66.2,2,0,0
12/17/2017 16:55,64,69,83,64.4,147,66.4,2,0,0
12/17/2017 17:00,61,69.3,80,64.7,141,66.6,2,0,0
12/17/2017 17:05,62,69.4,81,64.8,143,66.8,2,0,0
12/17/2017 17:10,64,69,82,64.4,146,66.4,2,0,0
12/17/2017 17:15,60,68.8,78,64.1,138,66.2,2,0,0
12/17/2017 17:20,63,67.9,82,63.1,145,65.2,2,0,0
12/17/2017 17:25,63,68.7,82,64,145,66.1,2,0,0
12/17/2017 17:30,62,68.6,81,63.9,143,66,2,0,0
12/17/2017 17:35,62,68.2,82,63.4,144,65.5,2,0,0
12/17/2017 17:40,58,67.9,77,63.2,135,65.2,2,0,0
12/17/2017 17:45,61,68.3,80,63.5,141,65.6,2,0,0
12/17/2017 17:50,64,67.7,82,62.9,146,65,2,0,0
12/17/2017 17:55,51,67.9,69,63.1,120,65.1,2,0,0
12/17/2017 18:00,56,67.6,74,62.8,130,64.9,2,0,0
12/17/2017 18:05,59,68.1,77,63.3,136,65.4,2,0,0
12/17/2017 18:10,47,67.7,64,62.8,111,64.9,2,0,0
12/17/2017 18:15,57,68.5,75,63.8,132,65.8,2,0,0
12/17/2017 18:20,56,69,74,64.3,130,66.3,2,0,0
12/17/2017 18:25,55,69,74,64.3,129,66.3,2,0,0
12/17/2017 18:30,56,68.3,73,63.6,129,65.7,2,0,0
12/17/2017 18:35,50,67.6,68,62.8,118,64.8,2,0,0
12/17/2017 18:40,57,68.3,75,63.6,132,65.6,2,0,0
12/17/2017 18:45,46,69.2,64,64.6,110,66.5,2,0,0
12/17/2017 18:50,47,68.6,65,64,112,65.9,2,0,0
12/17/2017 18:55,45,68.9,62,64.3,107,66.2,2,0,0
12/17/2017 19:00,44,68.8,61,64.2,105,66.1,2,0,0
12/17/2017 19:05,50,69.2,68,64.6,118,66.5,2,0,0
12/17/2017 19:10,39,68.5,57,63.9,96,65.7,2,0,0
12/17/2017 19:15,46,69,63,64.4,109,66.4,2,0,0
12/17/2017 19:20,42,69.1,59,64.5,101,66.4,2,0,0
12/17/2017 19:25,43,68.8,60,64.1,103,66.1,2,0,0
12/17/2017 19:30,37,69.5,54,64.9,91,66.8,2,0,0
12/17/2017 19:35,40,69.7,57,65.2,97,67,2,0,0
12/17/2017 19:40,42,69.4,60,64.8,102,66.7,2,0,0
12/17/2017 19:45,34,68.5,51,63.8,85,65.7,2,0,0
12/17/2017 19:50,45,67.8,62,63,107,65,2,0,0
12/17/2017 19:55,27,68.2,43,63.5,70,65.3,2,0,0
12/17/2017 20:00,29,68.7,45,64.1,74,65.9,2,0,0
12/17/2017 20:05,39,68.3,56,63.6,95,65.5,2,0,0
12/17/2017 20:10,40,69.1,57,64.5,97,66.4,2,0,0
12/17/2017 20:15,35,69.3,51,64.7,86,66.5,2,0,0
12/17/2017 20:20,35,69.8,51,65.3,86,67.1,2,0,0
12/17/2017 20:25,33,68.1,49,63.4,82,65.3,2,0,0
12/17/2017 20:30,28,68.6,44,63.9,72,65.7,2,0,0
12/17/2017 20:35,29,68.3,44,63.7,73,65.5,2,0,0
12/17/2017 20:40,33,68.7,49,64,82,65.9,2,0,0
12/17/2017 20:45,31,69,47,64.4,78,66.3,2,0,0
12/17/2017 20:50,25,69.2,40,64.6,65,66.4,2,0,0
12/17/2017 20:55,30,69.6,46,65,76,66.8,2,0,0
12/17/2017 21:00,27,69.3,43,64.7,70,66.5,2,0,0
12/17/2017 21:05,28,69.4,44,64.8,72,66.6,2,0,0
12/17/2017 21:10,29,69.5,45,64.9,74,66.7,2,0,0
12/17/2017 21:15,31,69.3,47,64.7,78,66.5,2,0,0
12/17/2017 21:20,22,69.3,38,64.7,60,66.4,2,0,0
12/17/2017 21:25,27,69.5,43,64.9,70,66.6,2,0,0
12/17/2017 21:30,26,69.5,42,64.9,68,66.6,2,0,0
12/17/2017 21:35,25,69.7,41,65.1,66,66.9,2,0,0
12/17/2017 21:40,26,69.1,41,64.5,67,66.3,2,0,0
12/17/2017 21:45,27,68.8,43,64.2,70,66,2,0,0
12/17/2017 21:50,29,69.3,45,64.7,74,66.5,2,0,0
12/17/2017 21:55,31,69.5,48,64.9,79,66.7,2,0,0
12/17/2017 22:00,30,69,47,64.3,77,66.1,2,0,0
12/17/2017 22:05,29,68.8,45,64.1,74,65.9,2,0,0
12/17/2017 22:10,25,68.8,40,64.2,65,66,2,0,0
12/17/2017 22:15,26,69.2,42,64.6,68,66.4,2,0,0
12/17/2017 22:20,20,69.2,36,64.6,56,66.3,2,0,0
12/17/2017 22:25,22,69.6,38,65,60,66.7,2,0,0
12/17/2017 22:30,16,69.5,32,64.9,48,66.5,2,0,0
12/17/2017 22:35,21,69.5,37,64.9,58,66.5,2,0,0
12/17/2017 22:40,18,69.3,33,64.7,51,66.3,2,0,0
12/17/2017 22:45,22,69.6,38,65,60,66.7,2,0,0
12/17/2017 22:50,15,69.5,31,64.9,46,66.4,2,0,0
12/17/2017 22:55,18,69.6,33,65,51,66.6,2,0,0
12/17/2017 23:00,15,69.4,30,64.8,45,66.4,2,0,0
12/17/2017 23:05,20,69.5,36,64.9,56,66.5,2,0,0
12/17/2017 23:10,12,69.4,27,64.8,39,66.2,2,0,0
12/17/2017 23:15,14,69.4,29,64.8,43,66.3,2,0,0
12/17/2017 23:20,12,69.4,28,64.8,40,66.2,2,0,0
12/17/2017 23:25,10,69.4,26,64.8,36,66.1,2,0,0
12/17/2017 23:30,13,69.4,29,64.8,42,66.2,2,0,0
12/17/2017 23:35,15,69.4,30,64.8,45,66.3,2,0,0
12/17/2017 23:40,15,69.4,30,64.8,45,66.3,2,0,0
12/17/2017 23:45,13,69.4,28,64.8,41,66.3,2,0,0
12/17/2017 23:50,12,69.4,27,64.8,39,66.2,2,0,0
12/17/2017 23:55,10,69.4,25,64.8,35,66.1,2,0,0
